0	2.14
1	2.19
2	1.07
3	0.7
4	2.35
5	0.03
6	1.68
7	0.54
8	0.33
9	3.89
10	0.18
11	3.02
12	2.02
13	2.42
14	0.6
15	3.05
16	1.54
17	0.05
18	1.05
19	1.3
20	0.81
21	0.68
22	0.01
23	2.85
24	0.6
25	1.96
26	1.39
27	1.35
28	2.83
29	1.36
30	0.49
31	3.89
32	2.51
33	0.26
34	1.51
35	3.22
36	1.36
37	1.99
38	1.22
39	1.3
40	0.02
41	1.51
42	2.81
43	0.85
44	1.94
45	1.37
46	3.18
47	1.47
48	1.82
49	0.5
50	0.85
51	1.89
52	1.49
53	0.34
54	2.47
55	1.87
56	0.83
57	2.04
58	1.55
59	1.51
60	0.66
61	1.91
62	2.67
63	1.85
64	1.55
65	1.81
66	1.84
67	1.1
68	0.92
69	1.25
70	0.74
71	2.01
72	1.98
73	1.82
74	0.63
75	1.67
76	1.3
77	0.09
78	1.3
79	1.04
80	0.12
81	1.7
82	0.92
83	1.06
84	1.17
85	2.87
86	2.27
87	1.22
88	0.07
89	0.17
90	2.28
91	0.58
92	2.24
93	1.28
94	2.27
95	1.48
96	1.23
97	2.29
98	1.07
99	1.71
100	1.88
101	1.22
102	0.8
103	2.28
104	1.9
105	2.96
106	0.96
107	0.25
108	2.02
109	1.26
110	0.59
111	0.6
112	3.73
113	2.02
114	0.45
115	0.59
116	0.87
117	2.37
118	0.28
119	1.82
120	1.28
121	0.44
122	0.85
123	1.54
124	1.86
125	0.78
126	1.31
127	1.19
128	1.9
129	0.75
130	0.72
131	0.41
132	3.02
133	3.74
134	0.13
135	1.98
136	1.75
137	2.88
138	1.36
139	1.57
140	1.93
141	2.32
142	2.56
143	0.44
144	1.92
145	0.09
146	2.59
147	1.78
148	3.43
149	1.19
150	1.79
151	1.49
152	1.62
153	1.75
154	1.2
155	2.56
156	2.24
157	0.61
158	1.65
159	1.44
160	0.11
161	3.88
162	3.9
163	1.82
164	1.43
165	2.24
166	0.65
167	0.65
168	2.71
169	1.32
170	2.16
171	3.53
172	1.48
173	1.73
174	1.22
175	2.36
176	2.9
177	1.5
178	1.45
179	0.54
180	0.12
181	0.47
182	0.82
183	1.48
184	2.06
185	0.78
186	0.75
187	1.62
188	0.02
189	1.15
190	1.44
191	3.49
192	2.52
193	1.19
194	2.66
195	0.61
196	0.81
197	1.46
198	1.43
199	1.96
200	2.7
201	0.86
202	1.08
203	1.06
204	2.86
205	1.52
206	2.05
207	0.97
208	0.75
209	1.98
210	2.34
211	0.22
212	0.87
213	2.37
214	0.06
215	0.95
216	3.02
217	1.71
218	1.35
219	2.23
220	1.68
221	3.73
222	0.31
223	2.62
224	1.8
225	1.82
226	0.6
227	2.58
228	1.07
229	3.04
230	0.92
231	1.34
232	0.48
233	2.22
234	1.47
235	1.7
236	0.47
237	0.36
238	2.4
239	1.61
240	2.3
241	1.32
242	2.79
243	2.07
244	3.34
245	2.16
246	1.53
247	2.29
248	0.22
249	2.26
250	1.58
251	1.76
252	1.33
253	1.56
254	2.28
255	1.78
256	0.22
257	0.61
258	2.88
259	4.11
260	1.26
261	1.85
262	2.05
263	2.02
264	1.88
265	1.06
266	0.95
267	2.03
268	0.65
269	0.57
270	3.39
271	1.57
272	1.88
273	1.45
274	1.69
275	1.57
276	2.06
277	2.77
278	1.5
279	0.38
280	1.83
281	1.72
282	2.37
283	1.16
284	2.3
285	1.4
286	0.61
287	3.83
288	0.13
289	1.46
290	1.22
291	1.7
292	2.55
293	1.31
294	3.91
295	2.54
296	0.86
297	2.51
298	0.45
299	0.65
300	1.16
301	0.56
302	0.06
303	1.11
304	2.5
305	1.17
306	2.21
307	1.91
308	3.28
309	1.47
310	2.54
311	2.32
312	1.69
313	1.88
314	0.86
315	2.29
316	0.53
317	1.94
318	2.53
319	1.95
320	1.25
321	3.13
322	2.9
323	0.63
324	1.02
325	2.71
326	1.2
327	1.56
328	0.77
329	2.55
330	1.73
331	1.61
332	0.28
333	1.53
334	0.12
335	1.2
336	0.57
337	3.55
338	0.92
339	2.43
340	0.62
341	3.19
342	1.17
343	1.18
344	0.42
345	3.57
346	1.59
347	2.23
348	0.53
349	0.95
350	2.49
351	0.87
352	3.38
353	2.23
354	2.0
355	1.47
356	1.16
357	2.26
358	2.17
359	0.25
360	2.02
361	0.89
362	3.53
363	1.81
364	2.97
365	2.13
366	2.98
367	0.11
368	0.79
369	0.23
370	0.02
371	0.58
372	0.35
373	0.89
374	0.94
375	2.22
376	1.91
377	2.9
378	3.6
379	1.73
380	0.76
381	2.75
382	0.94
383	0.95
384	0.64
385	3.02
386	2.73
387	0.2
388	0.71
389	2.27
390	2.7
391	1.98
392	2.41
393	1.24
394	3.61
395	0.97
396	0.36
397	2.18
398	0.86
399	1.47
400	1.92
401	1.16
402	0.42
403	0.87
404	2.66
405	1.07
406	0.82
407	1.1
408	0.21
409	2.16
410	1.72
411	1.58
412	1.01
413	1.2
414	0.88
415	3.81
416	2.56
417	1.36
418	0.81
419	2.13
420	0.07
421	0.12
422	2.15
423	1.04
424	1.81
425	0.58
426	2.09
427	2.11
428	3.59
429	1.83
430	1.36
431	1.34
432	3.56
433	2.14
434	2.49
435	1.58
436	1.24
437	1.27
438	3.09
439	2.17
440	2.12
441	1.78
442	0.59
443	1.22
444	1.17
445	2.54
446	1.88
447	2.55
448	2.63
449	2.47
450	2.19
451	0.67
452	1.5
453	1.98
454	1.08
455	1.29
456	2.75
457	0.98
458	0.42
459	1.31
460	1.88
461	1.05
462	1.12
463	2.1
464	1.77
465	1.56
466	2.9
467	0.01
468	1.76
469	0.88
470	2.79
471	2.65
472	2.03
473	1.34
474	1.11
475	0.25
476	2.74
477	3.15
478	0.56
479	2.21
480	1.2
481	1.57
482	0.58
483	1.87
484	3.57
485	1.03
486	0.59
487	1.02
488	1.66
489	0.62
490	0.66
491	1.81
492	0.09
493	1.95
494	1.4
495	1.91
496	2.05
497	2.33
498	0.45
499	0.44
500	2.33
501	1.55
502	0.55
503	1.6
504	2.62
505	2.45
506	2.6
507	3.11
508	2.78
509	3.34
510	2.37
511	2.01
512	1.98
513	0.8
514	0.18
515	0.98
516	1.16
517	1.88
518	1.14
519	0.67
520	1.43
521	2.68
522	1.96
523	1.39
524	0.71
525	1.81
526	1.97
527	1.48
528	1.56
529	0.56
530	0.94
531	2.87
532	1.98
533	1.31
534	1.88
535	1.48
536	1.87
537	2.21
538	1.66
539	4.06
540	2.1
541	1.67
542	2.06
543	2.28
544	1.83
545	1.04
546	1.38
547	0.61
548	2.55
549	1.69
550	0.81
551	2.54
552	2.54
553	2.3
554	2.5
555	0.58
556	3.33
557	3.12
558	0.58
559	1.89
560	1.45
561	2.61
562	0.94
563	1.34
564	0.99
565	1.43
566	1.44
567	1.99
568	0.98
569	1.59
570	1.48
571	0.9
572	2.89
573	1.79
574	2.36
575	2.16
576	1.56
577	0.55
578	2.21
579	2.84
580	2.53
581	1.51
582	2.72
583	1.5
584	2.14
585	1.26
586	0.99
587	3.76
588	3.46
589	2.4
590	2.47
591	1.69
592	3.04
593	1.65
594	0.65
595	0.79
596	0.92
597	2.02
598	2.72
599	1.32
600	0.57
601	0.91
602	0.71
603	2.31
604	2.03
605	2.34
606	1.75
607	0.6
608	2.28
609	1.91
610	1.52
611	2.06
612	1.48
613	1.89
614	2.05
615	1.75
616	0.19
617	0.21
618	3.05
619	1.36
620	2.03
621	0.06
622	2.75
623	0.9
624	0.22
625	0.38
626	1.27
627	2.02
628	2.04
629	1.39
630	0.9
631	0.49
632	0.77
633	1.53
634	2.96
635	0.66
636	2.91
637	1.18
638	0.91
639	2.73
640	2.59
641	3.22
642	1.56
643	1.51
644	2.47
645	2.54
646	0.8
647	0.94
648	1.52
649	3.32
650	2.65
651	0.23
652	3.18
653	2.22
654	3.26
655	1.99
656	1.04
657	2.53
658	0.51
659	1.17
660	2.91
661	0.87
662	2.0
663	1.66
664	0.0
665	0.6
666	2.05
667	1.35
668	0.46
669	1.72
670	0.24
671	1.02
672	0.23
673	1.35
674	2.8
675	1.23
676	3.34
677	2.24
678	3.45
679	2.58
680	1.64
681	2.66
682	1.82
683	2.43
684	0.94
685	0.47
686	0.2
687	0.96
688	1.45
689	1.38
690	1.66
691	1.25
692	3.11
693	1.6
694	0.24
695	1.58
696	1.35
697	2.73
698	2.17
699	2.74
700	0.59
701	1.62
702	0.8
703	0.89
704	3.87
705	1.26
706	1.02
707	1.55
708	0.35
709	2.48
710	1.94
711	2.15
712	1.99
713	2.13
714	0.52
715	1.22
716	2.23
717	1.73
718	0.83
719	0.89
720	1.3
721	1.13
722	0.54
723	1.38
724	2.24
725	0.26
726	2.15
727	1.05
728	2.13
729	0.39
730	1.94
731	1.51
732	2.63
733	0.75
734	2.6
735	1.39
736	1.5
737	0.86
738	1.37
739	0.39
740	2.65
741	0.97
742	2.41
743	0.91
744	1.27
745	0.72
746	2.04
747	0.5
748	2.7
749	0.08
750	0.18
751	1.71
752	3.17
753	0.4
754	0.61
755	2.49
756	2.4
757	2.39
758	1.55
759	0.49
760	2.13
761	1.49
762	0.83
763	1.8
764	3.5
765	1.52
766	0.8
767	1.47
768	0.81
769	1.98
770	2.27
771	2.23
772	0.61
773	1.6
774	0.91
775	1.2
776	2.45
777	1.55
778	2.58
779	4.1
780	1.62
781	1.09
782	1.01
783	1.25
784	2.43
785	1.47
786	2.68
787	1.34
788	3.49
789	0.66
790	0.26
791	2.41
792	1.45
793	1.02
794	1.9
795	1.93
796	1.83
797	0.43
798	0.74
799	1.81
800	0.23
801	0.34
802	1.87
803	1.57
804	0.05
805	3.25
806	3.8
807	2.5
808	1.77
809	1.87
810	1.26
811	0.39
812	1.17
813	0.63
814	0.74
815	1.61
816	0.81
817	3.19
818	2.13
819	1.48
820	0.9
821	2.33
822	1.05
823	1.33
824	1.53
825	2.75
826	1.13
827	3.4
828	0.86
829	4.32
830	1.03
831	2.11
832	0.85
833	0.26
834	0.4
835	2.45
836	2.8
837	1.81
838	1.9
839	0.73
840	1.17
841	2.84
842	2.93
843	1.22
844	2.31
845	2.68
846	2.03
847	1.59
848	2.91
849	1.44
850	0.28
851	1.38
852	0.88
853	2.93
854	1.69
855	0.93
856	2.78
857	0.91
858	1.86
859	2.74
860	1.01
861	0.62
862	1.82
863	0.94
864	1.97
865	1.88
866	4.22
867	1.66
868	1.9
869	1.31
870	0.54
871	0.42
872	2.81
873	1.21
874	0.63
875	3.63
876	1.6
877	1.18
878	0.52
879	2.19
880	2.45
881	0.72
882	1.06
883	0.83
884	2.37
885	0.55
886	1.37
887	1.07
888	1.45
889	1.61
890	0.55
891	1.59
892	1.5
893	2.12
894	2.17
895	1.24
896	1.31
897	0.8
898	1.9
899	1.75
900	2.68
901	0.96
902	1.78
903	0.53
904	2.3
905	2.2
906	0.23
907	2.85
908	2.49
909	2.12
910	1.82
911	0.56
912	0.97
913	1.5
914	0.35
915	1.77
916	0.61
917	1.94
918	0.99
919	1.06
920	2.05
921	1.53
922	1.45
923	0.69
924	2.01
925	1.36
926	0.73
927	0.72
928	1.73
929	0.64
930	0.65
931	0.91
932	0.56
933	0.07
934	0.93
935	2.63
936	2.07
937	2.27
938	0.7
939	2.73
940	2.06
941	2.45
942	2.51
943	0.14
944	2.2
945	1.65
946	1.72
947	0.42
948	0.41
949	1.42
950	3.55
951	2.32
952	1.35
953	1.4
954	1.72
955	0.36
956	1.58
957	3.13
958	0.3
959	1.69
960	2.56
961	2.68
962	1.83
963	2.1
964	2.72
965	2.16
966	1.69
967	0.98
968	1.72
969	1.69
970	2.36
971	1.37
972	0.16
973	2.51
974	1.61
975	3.02
976	2.18
977	2.16
978	2.64
979	2.22
980	0.87
981	0.95
982	2.18
983	4.01
984	2.0
985	2.36
986	1.52
987	2.37
988	1.81
989	1.15
990	2.04
991	1.64
992	2.16
993	0.79
994	2.97
995	1.35
996	2.72
997	1.18
998	1.24
999	2.25
1000	1.9
1001	1.2
1002	3.42
1003	3.21
1004	1.43
1005	1.91
1006	2.58
1007	1.28
1008	1.13
1009	1.39
1010	1.47
1011	0.46
1012	1.49
1013	3.55
1014	1.84
1015	0.19
1016	3.07
1017	0.13
1018	1.97
1019	0.58
1020	0.56
1021	0.53
1022	3.43
1023	2.48
1024	0.62
1025	1.84
1026	1.39
1027	2.5
1028	0.91
1029	1.0
1030	2.07
1031	0.19
1032	2.44
1033	1.52
1034	0.26
1035	0.59
1036	1.96
1037	2.13
1038	2.01
1039	2.02
1040	1.03
1041	0.48
1042	1.29
1043	0.67
1044	0.22
1045	1.1
1046	2.27
1047	1.26
1048	1.6
1049	0.56
1050	1.08
1051	3.1
1052	0.06
1053	1.59
1054	1.68
1055	2.33
1056	1.06
1057	1.97
1058	1.38
1059	0.42
1060	2.09
1061	2.05
1062	2.54
1063	1.69
1064	1.85
1065	1.38
1066	2.11
1067	1.65
1068	0.82
1069	0.84
1070	1.86
1071	1.4
1072	1.22
1073	1.21
1074	1.71
1075	1.72
1076	1.38
1077	2.61
1078	2.67
1079	2.15
1080	0.76
1081	2.38
1082	0.77
1083	1.26
1084	0.94
1085	2.58
1086	0.03
1087	1.21
1088	0.69
1089	1.13
1090	3.51
1091	1.94
1092	0.68
1093	0.65
1094	0.87
1095	0.61
1096	2.12
1097	1.67
1098	0.37
1099	1.37
1100	2.89
1101	2.0
1102	0.17
1103	0.91
1104	1.28
1105	1.07
1106	0.85
1107	1.17
1108	1.98
1109	0.94
1110	2.9
1111	3.38
1112	2.17
1113	1.14
1114	0.57
1115	1.78
1116	1.65
1117	2.46
1118	1.4
1119	1.21
1120	3.1
1121	1.37
1122	2.17
1123	1.19
1124	2.69
1125	1.33
1126	0.91
1127	1.88
1128	0.56
1129	3.16
1130	3.03
1131	0.81
1132	1.6
1133	1.08
1134	0.95
1135	1.04
1136	0.57
1137	0.21
1138	3.4
1139	1.78
1140	3.22
1141	2.35
1142	0.47
1143	1.77
1144	1.59
1145	1.82
1146	1.56
1147	2.98
1148	1.47
1149	0.7
1150	1.22
1151	2.3
1152	2.4
1153	1.86
1154	0.53
1155	1.93
1156	2.53
1157	0.49
1158	2.77
1159	2.45
1160	0.24
1161	1.44
1162	0.71
1163	1.34
1164	2.58
1165	3.3
1166	2.06
1167	0.45
1168	1.14
1169	2.04
1170	2.55
1171	1.85
1172	1.12
1173	0.82
1174	1.22
1175	1.79
1176	1.34
1177	2.24
1178	2.25
1179	1.69
1180	2.13
1181	2.05
1182	0.1
1183	1.89
1184	1.24
1185	2.09
1186	2.51
1187	2.13
1188	3.52
1189	0.21
1190	1.13
1191	3.27
1192	2.93
1193	0.84
1194	2.82
1195	1.46
1196	0.25
1197	0.77
1198	1.22
1199	1.54
1200	1.3
1201	1.51
1202	1.0
1203	1.43
1204	1.1
1205	2.23
1206	2.13
1207	2.42
1208	3.59
1209	1.67
1210	1.09
1211	2.0
1212	2.5
1213	0.22
1214	0.66
1215	1.27
1216	2.0
1217	0.08
1218	3.49
1219	2.19
1220	2.14
1221	1.01
1222	4.08
1223	0.77
1224	3.27
1225	2.3
1226	0.7
1227	0.92
1228	1.09
1229	0.88
1230	0.53
1231	2.46
1232	1.48
1233	2.11
1234	2.49
1235	3.39
1236	0.65
1237	0.71
1238	3.11
1239	0.42
1240	1.09
1241	1.31
1242	1.67
1243	2.8
1244	2.06
1245	0.91
1246	1.19
1247	1.87
1248	2.82
1249	1.72
1250	1.71
1251	1.01
1252	1.05
1253	2.9
1254	0.04
1255	1.14
1256	1.61
1257	1.71
1258	2.1
1259	2.06
1260	1.35
1261	1.29
1262	1.07
1263	2.77
1264	1.47
1265	0.38
1266	0.64
1267	0.23
1268	1.17
1269	1.14
1270	1.83
1271	2.39
1272	1.36
1273	0.81
1274	2.88
1275	1.29
1276	0.09
1277	0.35
1278	0.39
1279	1.14
1280	1.3
1281	0.55
1282	1.89
1283	1.66
1284	0.44
1285	1.18
1286	1.24
1287	0.89
1288	0.61
1289	0.85
1290	1.0
1291	1.33
1292	2.31
1293	2.25
1294	2.18
1295	1.93
1296	1.87
1297	1.51
1298	1.67
1299	1.54
1300	1.88
1301	1.09
1302	1.68
1303	2.19
1304	1.18
1305	2.11
1306	1.69
1307	0.04
1308	3.32
1309	0.75
1310	1.72
1311	3.18
1312	1.6
1313	1.68
1314	1.01
1315	1.28
1316	1.91
1317	1.1
1318	0.73
1319	2.86
1320	0.14
1321	0.08
1322	2.84
1323	1.69
1324	2.88
1325	0.96
1326	0.38
1327	0.88
1328	2.38
1329	0.05
1330	0.64
1331	2.73
1332	1.88
1333	2.62
1334	2.53
1335	1.79
1336	2.69
1337	1.68
1338	1.06
1339	1.48
1340	1.03
1341	2.18
1342	1.43
1343	0.84
1344	0.68
1345	2.4
1346	2.05
1347	0.12
1348	1.53
1349	2.11
1350	1.65
1351	0.05
1352	1.25
1353	3.48
1354	3.19
1355	0.72
1356	3.23
1357	2.01
1358	1.03
1359	2.25
1360	1.43
1361	1.16
1362	2.65
1363	2.12
1364	0.75
1365	0.51
1366	1.58
1367	2.15
1368	1.35
1369	3.17
1370	0.49
1371	2.45
1372	2.2
1373	1.54
1374	0.32
1375	1.74
1376	1.24
1377	0.53
1378	0.91
1379	1.57
1380	0.46
1381	2.35
1382	0.21
1383	1.73
1384	0.92
1385	2.25
1386	2.75
1387	4.93
1388	0.7
1389	1.54
1390	1.33
1391	1.08
1392	0.81
1393	0.43
1394	1.82
1395	1.1
1396	1.56
1397	0.18
1398	2.22
1399	1.35
1400	3.32
1401	0.08
1402	0.12
1403	2.64
1404	1.47
1405	1.0
1406	1.92
1407	1.9
1408	1.82
1409	1.64
1410	3.35
1411	0.09
1412	1.84
1413	1.62
1414	1.15
1415	2.5
1416	1.26
1417	0.63
1418	1.75
1419	1.11
1420	2.09
1421	2.37
1422	1.53
1423	2.37
1424	1.23
1425	1.99
1426	1.04
1427	2.28
1428	2.63
1429	2.16
1430	0.85
1431	1.94
1432	0.49
1433	1.49
1434	0.62
1435	0.74
1436	1.4
1437	2.74
1438	0.09
1439	0.75
1440	1.13
1441	1.05
1442	1.21
1443	1.82
1444	2.08
1445	0.81
1446	3.05
1447	0.38
1448	0.7
1449	2.07
1450	0.57
1451	0.95
1452	0.89
1453	0.8
1454	3.36
1455	1.69
1456	1.58
1457	1.23
1458	2.69
1459	1.96
1460	1.15
1461	0.45
1462	2.67
1463	1.45
1464	2.36
1465	1.37
1466	1.72
1467	0.91
1468	0.21
1469	3.54
1470	1.88
1471	0.92
1472	1.3
1473	1.56
1474	2.03
1475	3.91
1476	0.18
1477	4.56
1478	2.13
1479	1.44
1480	2.21
1481	1.05
1482	2.0
1483	3.14
1484	0.69
1485	1.77
1486	1.7
1487	1.93
1488	0.3
1489	2.33
1490	1.23
1491	0.69
1492	1.32
1493	2.44
1494	2.8
1495	1.53
1496	2.39
1497	1.34
1498	0.96
1499	0.29
1500	0.7
1501	1.46
1502	1.33
1503	0.31
1504	2.13
1505	2.63
1506	2.25
1507	1.46
1508	0.65
1509	2.93
1510	4.25
1511	0.85
1512	1.97
1513	1.6
1514	1.99
1515	1.97
1516	2.36
1517	1.51
1518	1.87
1519	0.57
1520	1.09
1521	0.06
1522	1.58
1523	1.82
1524	2.51
1525	1.78
1526	0.89
1527	2.65
1528	0.94
1529	2.39
1530	0.85
1531	1.47
1532	2.9
1533	1.76
1534	0.85
1535	1.03
1536	1.87
1537	1.2
1538	2.27
1539	2.9
1540	1.01
1541	2.97
1542	1.54
1543	1.87
1544	1.68
1545	2.86
1546	2.19
1547	2.91
1548	1.53
1549	2.69
1550	0.36
1551	3.06
1552	1.2
1553	1.25
1554	1.28
1555	1.35
1556	1.72
1557	1.5
1558	1.8
1559	2.26
1560	1.56
1561	2.23
1562	1.63
1563	2.31
1564	3.92
1565	1.61
1566	1.36
1567	0.63
1568	2.3
1569	0.11
1570	1.06
1571	1.4
1572	1.23
1573	2.54
1574	2.05
1575	1.9
1576	2.23
1577	2.89
1578	1.16
1579	0.71
1580	2.03
1581	1.03
1582	2.42
1583	1.43
1584	0.77
1585	2.04
1586	0.27
1587	1.35
1588	2.96
1589	1.99
1590	0.78
1591	2.19
1592	2.26
1593	1.4
1594	2.23
1595	0.23
1596	0.61
1597	0.23
1598	2.23
1599	2.61
1600	1.1
1601	0.98
1602	3.06
1603	0.42
1604	1.4
1605	2.07
1606	1.74
1607	3.07
1608	2.48
1609	3.49
1610	0.16
1611	2.45
1612	2.4
1613	1.24
1614	0.7
1615	1.56
1616	1.56
1617	0.95
1618	1.22
1619	2.1
1620	2.15
1621	2.29
1622	1.42
1623	1.71
1624	2.95
1625	1.48
1626	2.62
1627	1.34
1628	0.36
1629	0.43
1630	1.1
1631	1.32
1632	0.53
1633	0.9
1634	2.76
1635	2.48
1636	0.92
1637	1.12
1638	2.35
1639	2.79
1640	3.35
1641	0.38
1642	2.0
1643	0.21
1644	3.79
1645	0.72
1646	2.09
1647	0.26
1648	0.12
1649	0.17
1650	3.55
1651	1.6
1652	1.55
1653	1.91
1654	1.12
1655	0.68
1656	2.37
1657	1.78
1658	2.21
1659	0.06
1660	1.08
1661	0.45
1662	1.43
1663	1.86
1664	1.95
1665	1.97
1666	1.22
1667	2.15
1668	0.57
1669	1.55
1670	2.71
1671	2.3
1672	1.32
1673	1.05
1674	1.99
1675	1.04
1676	1.59
1677	1.36
1678	1.2
1679	3.1
1680	1.26
1681	0.51
1682	3.68
1683	1.38
1684	4.02
1685	0.42
1686	1.34
1687	1.19
1688	1.76
1689	2.32
1690	1.37
1691	1.22
1692	0.99
1693	0.41
1694	1.49
1695	1.78
1696	0.2
1697	2.39
1698	1.45
1699	2.9
1700	2.17
1701	2.21
1702	0.23
1703	1.35
1704	1.72
1705	1.03
1706	0.96
1707	3.93
1708	1.45
1709	1.56
1710	0.1
1711	2.16
1712	0.83
1713	2.54
1714	1.14
1715	0.09
1716	2.42
1717	0.14
1718	2.67
1719	1.65
1720	2.25
1721	2.58
1722	0.41
1723	1.45
1724	1.59
1725	2.32
1726	1.56
1727	1.72
1728	4.15
1729	1.63
1730	1.46
1731	0.86
1732	2.14
1733	2.21
1734	3.08
1735	0.06
1736	1.84
1737	2.22
1738	1.21
1739	0.89
1740	1.01
1741	1.04
1742	1.46
1743	0.32
1744	3.47
1745	0.59
1746	2.72
1747	0.84
1748	0.99
1749	1.18
1750	1.45
1751	0.93
1752	2.81
1753	1.49
1754	1.14
1755	1.27
1756	0.6
1757	0.98
1758	3.19
1759	1.14
1760	1.55
1761	0.5
1762	1.7
1763	2.03
1764	0.85
1765	2.32
1766	1.84
1767	2.39
1768	1.27
1769	1.75
1770	0.92
1771	0.17
1772	2.63
1773	0.03
1774	0.7
1775	3.0
1776	1.27
1777	2.09
1778	2.2
1779	2.37
1780	1.57
1781	1.7
1782	2.5
1783	0.75
1784	0.42
1785	0.53
1786	1.31
1787	1.3
1788	0.4
1789	2.39
1790	1.87
1791	1.07
1792	1.9
1793	2.24
1794	3.37
1795	3.36
1796	2.31
1797	2.26
1798	2.51
1799	0.8
1800	0.97
1801	1.73
1802	2.88
1803	1.61
1804	1.42
1805	2.79
1806	0.46
1807	1.53
1808	3.9
1809	0.31
1810	2.7
1811	1.69
1812	2.61
1813	2.97
1814	1.94
1815	1.01
1816	0.9
1817	1.85
1818	2.42
1819	3.67
1820	1.69
1821	1.16
1822	1.77
1823	1.29
1824	1.23
1825	1.64
1826	2.57
1827	1.8
1828	1.85
1829	1.09
1830	1.77
1831	3.1
1832	0.98
1833	0.93
1834	2.75
1835	2.61
1836	0.98
1837	2.11
1838	3.91
1839	2.93
1840	1.55
1841	1.76
1842	1.35
1843	2.56
1844	1.43
1845	0.56
1846	1.88
1847	1.64
1848	1.12
1849	2.31
1850	0.88
1851	1.11
1852	2.11
1853	0.42
1854	1.41
1855	1.86
1856	2.78
1857	1.45
1858	0.18
1859	1.37
1860	2.76
1861	2.24
1862	2.0
1863	2.33
1864	1.37
1865	1.2
1866	1.4
1867	2.27
1868	0.9
1869	0.83
1870	1.72
1871	1.72
1872	1.95
1873	1.97
1874	0.51
1875	0.77
1876	2.42
1877	1.09
1878	2.21
1879	2.28
1880	0.99
1881	0.66
1882	1.48
1883	1.25
1884	0.92
1885	3.06
1886	1.79
1887	0.04
1888	1.05
1889	1.16
1890	2.23
1891	1.66
1892	2.14
1893	3.21
1894	1.46
1895	1.78
1896	0.98
1897	0.8
1898	2.79
1899	1.45
1900	1.19
1901	0.11
1902	2.39
1903	3.29
1904	3.02
1905	1.39
1906	3.18
1907	3.12
1908	1.81
1909	2.37
1910	1.81
1911	1.64
1912	0.91
1913	1.46
1914	0.74
1915	0.74
1916	1.44
1917	1.77
1918	1.06
1919	2.13
1920	0.74
1921	0.78
1922	2.51
1923	0.65
1924	1.55
1925	1.08
1926	2.71
1927	0.91
1928	1.82
1929	3.94
1930	1.77
1931	2.5
1932	0.75
1933	0.53
1934	0.93
1935	0.9
1936	1.15
1937	0.04
1938	1.48
1939	1.55
1940	2.24
1941	1.8
1942	2.27
1943	1.44
1944	2.13
1945	0.3
1946	1.77
1947	1.86
1948	2.4
1949	1.78
1950	1.76
1951	1.78
1952	2.36
1953	1.15
1954	0.69
1955	1.34
1956	1.78
1957	2.08
1958	3.44
1959	3.14
1960	0.07
1961	1.77
1962	2.18
1963	0.96
1964	3.01
1965	2.88
1966	1.23
1967	2.36
1968	0.32
1969	2.27
1970	2.49
1971	2.13
1972	0.88
1973	0.22
1974	1.22
1975	0.5
1976	0.93
1977	3.23
1978	0.44
1979	3.55
1980	2.6
1981	0.55
1982	0.03
1983	0.93
1984	1.74
1985	1.89
1986	1.38
1987	1.67
1988	1.31
1989	0.92
1990	3.06
1991	2.51
1992	1.25
1993	3.52
1994	2.64
1995	2.27
1996	2.9
1997	1.77
1998	0.44
1999	1.3
2000	2.89
2001	2.12
2002	2.31
2003	3.15
2004	3.14
2005	1.01
2006	0.03
2007	1.79
2008	0.79
2009	4.14
2010	2.1
2011	2.81
2012	1.18
2013	2.08
2014	1.14
2015	0.23
2016	2.43
2017	1.26
2018	2.15
2019	1.67
2020	0.92
2021	0.03
2022	1.83
2023	1.69
2024	2.65
2025	2.38
2026	0.41
2027	2.83
2028	1.76
2029	2.43
2030	0.95
2031	2.04
2032	2.51
2033	0.67
2034	2.33
2035	2.2
2036	0.65
2037	2.44
2038	1.44
2039	2.47
2040	0.64
2041	2.34
2042	1.84
2043	1.88
2044	2.52
2045	1.51
2046	1.12
2047	1.69
2048	0.69
2049	1.98
2050	1.3
2051	1.19
2052	3.07
2053	0.45
2054	1.82
2055	0.52
2056	2.55
2057	0.59
2058	1.8
2059	2.09
2060	1.09
2061	2.34
2062	0.52
2063	1.18
2064	2.13
2065	1.29
2066	3.49
2067	1.29
2068	2.88
2069	0.38
2070	0.72
2071	3.03
2072	2.66
2073	2.11
2074	2.76
2075	2.39
2076	1.88
2077	2.09
2078	1.47
2079	1.39
2080	0.65
2081	3.86
2082	0.06
2083	3.39
2084	2.11
2085	0.51
2086	1.47
2087	3.31
2088	1.5
2089	3.22
2090	2.66
2091	1.56
2092	2.74
2093	1.31
2094	3.37
2095	2.67
2096	1.72
2097	0.61
2098	1.9
2099	2.4
2100	0.94
2101	1.34
2102	2.51
2103	1.42
2104	1.71
2105	0.25
2106	0.63
2107	2.35
2108	3.32
2109	0.74
2110	1.82
2111	1.83
2112	0.11
2113	2.29
2114	1.94
2115	1.87
2116	1.12
2117	0.49
2118	2.11
2119	2.28
2120	2.7
2121	1.61
2122	2.35
2123	0.34
2124	1.96
2125	2.32
2126	2.8
2127	2.08
2128	2.48
2129	1.34
2130	1.54
2131	0.35
2132	1.32
2133	2.2
2134	0.47
2135	0.05
2136	2.59
2137	1.64
2138	0.15
2139	2.4
2140	2.42
2141	1.61
2142	2.17
2143	1.5
2144	1.22
2145	0.24
2146	1.94
2147	1.37
2148	3.58
2149	1.74
2150	0.39
2151	3.54
2152	1.72
2153	0.33
2154	0.14
2155	1.75
2156	0.8
2157	0.49
2158	0.67
2159	3.35
2160	1.62
2161	2.36
2162	0.67
2163	1.13
2164	0.63
2165	1.25
2166	1.32
2167	0.0
2168	1.4
2169	1.37
2170	2.2
2171	0.06
2172	1.26
2173	1.88
2174	1.03
2175	0.2
2176	0.6
2177	1.73
2178	1.34
2179	1.74
2180	2.51
2181	0.84
2182	1.07
2183	0.12
2184	2.83
2185	1.32
2186	1.71
2187	1.9
2188	3.17
2189	1.93
2190	1.45
2191	0.3
2192	1.44
2193	1.13
2194	1.84
2195	1.12
2196	1.5
2197	0.78
2198	1.88
2199	1.02
2200	0.97
2201	1.63
2202	2.49
2203	0.76
2204	1.33
2205	3.98
2206	2.02
2207	3.59
2208	2.97
2209	0.82
2210	1.78
2211	2.57
2212	0.21
2213	3.04
2214	2.74
2215	0.2
2216	1.62
2217	1.41
2218	1.38
2219	0.02
2220	1.18
2221	2.37
2222	0.86
2223	1.25
2224	0.6
2225	1.16
2226	2.29
2227	0.55
2228	1.82
2229	1.82
2230	3.84
2231	1.87
2232	2.75
2233	0.02
2234	2.48
2235	2.28
2236	1.66
2237	3.3
2238	0.97
2239	2.84
2240	1.9
2241	2.28
2242	0.26
2243	0.68
2244	2.91
2245	0.59
2246	1.58
2247	2.46
2248	1.32
2249	3.73
2250	3.13
2251	0.3
2252	1.76
2253	1.14
2254	2.42
2255	0.25
2256	0.84
2257	0.63
2258	1.18
2259	0.94
2260	2.49
2261	2.48
2262	3.13
2263	0.92
2264	3.28
2265	0.5
2266	1.55
2267	1.16
2268	2.66
2269	2.93
2270	1.25
2271	1.2
2272	1.34
2273	1.84
2274	1.29
2275	2.09
2276	1.64
2277	1.89
2278	1.32
2279	0.42
2280	0.95
2281	2.71
2282	0.94
2283	1.15
2284	0.69
2285	2.48
2286	3.15
2287	0.95
2288	2.51
2289	2.53
2290	1.53
2291	1.16
2292	0.84
2293	4.22
2294	1.77
2295	1.4
2296	1.0
2297	0.72
2298	2.77
2299	1.4
2300	0.27
2301	0.74
2302	1.48
2303	1.42
2304	1.14
2305	2.1
2306	3.24
2307	2.41
2308	1.4
2309	0.66
2310	1.61
2311	1.28
2312	1.05
2313	1.3
2314	0.22
2315	0.55
2316	0.47
2317	3.25
2318	0.61
2319	1.82
2320	0.62
2321	1.56
2322	1.32
2323	1.22
2324	2.28
2325	0.74
2326	2.79
2327	3.25
2328	1.78
2329	2.84
2330	2.02
2331	1.53
2332	0.61
2333	2.22
2334	1.46
2335	0.14
2336	2.55
2337	2.54
2338	2.34
2339	1.55
2340	2.18
2341	2.55
2342	1.14
2343	0.59
2344	1.63
2345	3.33
2346	2.24
2347	2.49
2348	0.5
2349	1.0
2350	1.3
2351	2.25
2352	1.38
2353	0.27
2354	1.33
2355	0.75
2356	1.63
2357	0.3
2358	1.47
2359	1.17
2360	1.02
2361	1.51
2362	0.62
2363	2.56
2364	0.9
2365	0.71
2366	1.81
2367	2.33
2368	1.69
2369	1.74
2370	0.91
2371	2.44
2372	3.23
2373	2.66
2374	1.21
2375	0.79
2376	3.65
2377	1.78
2378	3.14
2379	1.15
2380	0.71
2381	2.27
2382	2.76
2383	1.12
2384	0.67
2385	1.52
2386	1.84
2387	1.62
2388	1.75
2389	1.81
2390	1.75
2391	0.75
2392	1.03
2393	1.14
2394	0.24
2395	2.0
2396	0.11
2397	1.56
2398	3.83
2399	1.02
2400	1.41
2401	0.08
2402	1.83
2403	2.01
2404	0.69
2405	2.62
2406	2.02
2407	2.77
2408	0.46
2409	1.55
2410	2.12
2411	0.9
2412	0.61
2413	0.1
2414	2.51
2415	3.12
2416	2.65
2417	2.44
2418	2.59
2419	2.24
2420	1.57
2421	2.23
2422	0.15
2423	1.79
2424	2.56
2425	1.77
2426	1.47
2427	1.8
2428	0.1
2429	2.04
2430	2.51
2431	0.49
2432	1.27
2433	1.36
2434	2.17
2435	1.18
2436	1.48
2437	2.1
2438	1.82
2439	1.55
2440	1.05
2441	1.86
2442	0.97
2443	1.33
2444	0.82
2445	2.4
2446	1.45
2447	0.58
2448	1.62
2449	2.47
2450	2.32
2451	2.9
2452	2.06
2453	1.09
2454	1.41
2455	1.19
2456	0.72
2457	0.46
2458	1.64
2459	1.6
2460	0.87
2461	1.11
2462	0.26
2463	1.25
2464	1.76
2465	1.93
2466	0.82
2467	1.62
2468	2.39
2469	2.31
2470	0.97
2471	3.1
2472	2.34
2473	2.12
2474	1.85
2475	0.71
2476	1.2
2477	2.36
2478	0.68
2479	2.13
2480	2.78
2481	1.24
2482	0.32
2483	0.15
2484	1.07
2485	1.72
2486	1.63
2487	1.79
2488	2.75
2489	2.0
2490	1.27
2491	2.25
2492	0.53
2493	1.34
2494	0.89
2495	0.01
2496	0.45
2497	0.45
2498	1.08
2499	2.84
2500	2.16
2501	3.96
2502	2.23
2503	2.2
2504	3.1
2505	2.19
2506	1.62
2507	1.92
2508	0.65
2509	2.02
2510	1.07
2511	1.97
2512	1.36
2513	0.47
2514	1.88
2515	0.55
2516	1.36
2517	1.21
2518	2.87
2519	0.54
2520	2.38
2521	2.91
2522	1.27
2523	1.76
2524	2.96
2525	1.81
2526	2.25
2527	3.22
2528	1.75
2529	1.81
2530	1.23
2531	3.68
2532	0.68
2533	3.47
2534	1.41
2535	3.1
2536	1.15
2537	3.34
2538	2.14
2539	2.79
2540	2.5
2541	2.34
2542	1.84
2543	0.58
2544	2.15
2545	1.51
2546	2.75
2547	1.3
2548	0.59
2549	0.97
2550	2.15
2551	1.3
2552	0.89
2553	2.83
2554	1.42
2555	0.21
2556	1.77
2557	2.99
2558	0.17
2559	0.05
2560	1.67
2561	2.89
2562	0.15
2563	2.34
2564	2.82
2565	1.81
2566	0.33
2567	2.47
2568	1.36
2569	1.46
2570	0.1
2571	1.58
2572	0.66
2573	1.49
2574	2.69
2575	1.78
2576	1.99
2577	0.13
2578	3.96
2579	0.01
2580	2.76
2581	1.83
2582	1.07
2583	0.97
2584	2.16
2585	0.81
2586	0.12
2587	1.71
2588	0.15
2589	1.9
2590	3.37
2591	2.84
2592	2.82
2593	2.48
2594	1.82
2595	3.22
2596	0.82
2597	2.61
2598	0.45
2599	0.57
2600	0.96
2601	0.3
2602	1.01
2603	1.3
2604	2.46
2605	2.84
2606	0.34
2607	2.1
2608	1.27
2609	1.96
2610	1.57
2611	2.33
2612	3.32
2613	1.99
2614	2.29
2615	1.77
2616	0.88
2617	2.65
2618	2.06
2619	3.18
2620	0.78
2621	0.82
2622	0.96
2623	2.03
2624	2.01
2625	0.79
2626	1.51
2627	2.85
2628	3.75
2629	1.08
2630	3.11
2631	2.53
2632	2.49
2633	1.44
2634	0.6
2635	1.62
2636	1.29
2637	1.58
2638	2.54
2639	1.03
2640	0.43
2641	0.92
2642	1.92
2643	1.76
2644	1.43
2645	0.09
2646	1.54
2647	1.67
2648	0.66
2649	0.91
2650	1.74
2651	1.13
2652	1.31
2653	0.76
2654	0.73
2655	0.88
2656	0.97
2657	1.03
2658	2.81
2659	1.8
2660	1.9
2661	2.0
2662	1.04
2663	1.81
2664	3.64
2665	0.02
2666	2.42
2667	0.42
2668	2.36
2669	0.95
2670	0.06
2671	1.88
2672	0.92
2673	1.2
2674	3.21
2675	0.36
2676	2.05
2677	3.0
2678	1.46
2679	0.64
2680	2.82
2681	1.7
2682	2.07
2683	1.4
2684	4.08
2685	0.91
2686	1.51
2687	2.2
2688	2.65
2689	2.83
2690	0.57
2691	1.98
2692	2.2
2693	1.81
2694	0.04
2695	2.33
2696	1.3
2697	2.05
2698	2.71
2699	0.94
2700	1.3
2701	1.34
2702	1.88
2703	3.19
2704	0.85
2705	0.62
2706	1.91
2707	2.23
2708	1.61
2709	0.92
2710	1.84
2711	2.51
2712	2.77
2713	2.36
2714	1.73
2715	1.74
2716	0.54
2717	1.16
2718	1.91
2719	1.08
2720	1.99
2721	1.57
2722	1.5
2723	0.53
2724	1.33
2725	0.61
2726	3.1
2727	1.15
2728	1.02
2729	2.21
2730	0.18
2731	2.97
2732	1.07
2733	0.5
2734	1.76
2735	1.47
2736	0.25
2737	1.77
2738	2.29
2739	2.69
2740	0.66
2741	1.44
2742	1.54
2743	1.07
2744	0.73
2745	1.1
2746	1.3
2747	0.72
2748	2.86
2749	0.84
2750	1.01
2751	0.37
2752	2.04
2753	2.37
2754	1.01
2755	0.56
2756	2.72
2757	2.46
2758	0.55
2759	1.38
2760	0.09
2761	1.18
2762	1.45
2763	0.82
2764	0.38
2765	0.55
2766	1.26
2767	1.62
2768	1.13
2769	1.01
2770	2.26
2771	2.37
2772	2.29
2773	2.25
2774	2.35
2775	1.35
2776	1.66
2777	2.05
2778	2.36
2779	0.4
2780	1.26
2781	2.37
2782	0.78
2783	1.85
2784	1.41
2785	1.14
2786	1.12
2787	1.85
2788	0.29
2789	1.77
2790	1.51
2791	2.49
2792	1.08
2793	2.13
2794	2.94
2795	0.4
2796	0.89
2797	1.16
2798	1.71
2799	1.82
2800	1.14
2801	1.97
2802	1.0
2803	1.56
2804	3.18
2805	1.11
2806	1.33
2807	2.21
2808	0.12
2809	2.08
2810	0.85
2811	1.39
2812	0.72
2813	3.27
2814	0.93
2815	1.85
2816	1.2
2817	0.02
2818	3.11
2819	0.82
2820	1.83
2821	1.04
2822	2.74
2823	3.64
2824	1.21
2825	0.97
2826	3.87
2827	0.46
2828	2.11
2829	3.78
2830	0.46
2831	1.62
2832	2.28
2833	1.49
2834	2.15
2835	2.53
2836	1.96
2837	0.16
2838	0.85
2839	1.62
2840	0.99
2841	1.08
2842	0.9
2843	2.11
2844	1.04
2845	1.36
2846	0.16
2847	1.46
2848	1.05
2849	0.46
2850	2.82
2851	2.24
2852	1.07
2853	2.07
2854	0.35
2855	1.81
2856	2.31
2857	1.59
2858	1.68
2859	0.73
2860	1.74
2861	1.49
2862	0.54
2863	1.77
2864	0.49
2865	0.22
2866	2.01
2867	2.45
2868	1.74
2869	2.66
2870	2.03
2871	2.35
2872	2.4
2873	1.06
2874	2.91
2875	2.64
2876	1.64
2877	1.35
2878	2.04
2879	2.48
2880	1.48
2881	2.6
2882	2.16
2883	0.19
2884	2.06
2885	1.14
2886	3.13
2887	1.37
2888	1.44
2889	2.53
2890	2.2
2891	1.62
2892	1.93
2893	2.63
2894	2.63
2895	0.9
2896	2.66
2897	0.89
2898	0.47
2899	1.17
2900	0.14
2901	0.72
2902	2.18
2903	1.0
2904	0.68
2905	3.71
2906	1.92
2907	1.5
2908	1.86
2909	2.29
2910	1.15
2911	1.01
2912	1.32
2913	2.75
2914	2.18
2915	1.35
2916	2.87
2917	1.09
2918	1.2
2919	1.16
2920	0.47
2921	2.72
2922	2.89
2923	1.36
2924	2.12
2925	0.11
2926	0.96
2927	1.35
2928	2.67
2929	2.15
2930	2.16
2931	2.81
2932	2.62
2933	0.37
2934	1.21
2935	2.2
2936	2.29
2937	1.07
2938	2.84
2939	3.05
2940	1.37
2941	1.49
2942	1.01
2943	1.63
2944	1.58
2945	1.72
2946	1.88
2947	2.19
2948	2.96
2949	2.01
2950	3.34
2951	1.83
2952	1.74
2953	0.62
2954	3.24
2955	2.65
2956	2.75
2957	1.92
2958	2.4
2959	1.83
2960	1.19
2961	1.03
2962	1.09
2963	1.82
2964	0.85
2965	3.36
2966	1.22
2967	2.53
2968	2.77
2969	3.66
2970	1.86
2971	1.73
2972	0.18
2973	3.51
2974	1.77
2975	2.02
2976	3.32
2977	2.61
2978	2.0
2979	1.89
2980	1.37
2981	2.7
2982	1.75
2983	1.53
2984	2.55
2985	2.01
2986	3.58
2987	1.5
2988	1.47
2989	0.87
2990	2.17
2991	1.96
2992	3.5
2993	2.57
2994	1.43
2995	2.91
2996	2.15
2997	3.33
2998	2.25
2999	1.02
3000	2.71
3001	1.51
3002	2.91
3003	0.8
3004	1.82
3005	2.28
3006	1.43
3007	2.47
3008	2.95
3009	0.88
3010	1.81
3011	1.14
3012	3.52
3013	1.4
3014	2.97
3015	3.22
3016	2.92
3017	0.83
3018	1.51
3019	0.42
3020	1.77
3021	1.27
3022	1.05
3023	1.3
3024	2.98
3025	1.74
3026	1.08
3027	0.86
3028	1.64
3029	0.68
3030	1.09
3031	3.02
3032	0.37
3033	0.74
3034	1.55
3035	0.89
3036	2.8
3037	2.23
3038	2.33
3039	0.79
3040	1.94
3041	0.63
3042	1.39
3043	2.29
3044	1.56
3045	1.13
3046	0.8
3047	0.84
3048	2.38
3049	1.15
3050	2.42
3051	1.66
3052	2.4
3053	1.02
3054	2.54
3055	2.29
3056	1.09
3057	1.11
3058	0.32
3059	1.99
3060	1.33
3061	1.56
3062	2.1
3063	0.45
3064	1.67
3065	2.73
3066	1.49
3067	2.12
3068	3.9
3069	2.95
3070	2.56
3071	1.08
3072	0.56
3073	1.68
3074	2.32
3075	3.07
3076	0.59
3077	3.0
3078	0.31
3079	0.4
3080	1.86
3081	2.73
3082	1.08
3083	0.69
3084	1.6
3085	0.25
3086	1.09
3087	4.82
3088	1.83
3089	3.02
3090	2.12
3091	2.6
3092	2.96
3093	0.19
3094	2.56
3095	2.88
3096	0.74
3097	1.98
3098	0.4
3099	0.06
3100	2.23
3101	0.41
3102	2.66
3103	2.25
3104	2.32
3105	0.8
3106	2.1
3107	1.29
3108	0.19
3109	2.89
3110	1.94
3111	2.59
3112	0.99
3113	2.32
3114	0.11
3115	3.54
3116	3.02
3117	1.62
3118	2.32
3119	2.02
3120	0.94
3121	2.5
3122	2.23
3123	0.29
3124	1.7
3125	0.78
3126	2.73
3127	1.78
3128	2.45
3129	0.93
3130	1.02
3131	0.14
3132	1.4
3133	1.8
3134	1.23
3135	1.72
3136	1.63
3137	0.54
3138	0.13
3139	1.38
3140	0.71
3141	0.94
3142	1.02
3143	0.88
3144	2.93
3145	2.93
3146	2.23
3147	1.6
3148	0.3
3149	2.5
3150	2.04
3151	1.46
3152	0.81
3153	2.09
3154	0.56
3155	1.81
3156	1.24
3157	3.49
3158	1.88
3159	1.69
3160	1.39
3161	2.23
3162	0.5
3163	0.65
3164	0.43
3165	1.8
3166	1.16
3167	2.92
3168	1.58
3169	0.99
3170	3.47
3171	0.76
3172	1.07
3173	1.21
3174	2.26
3175	2.12
3176	1.67
3177	2.85
3178	3.22
3179	1.74
3180	1.19
3181	2.37
3182	1.37
3183	1.63
3184	2.3
3185	0.81
3186	0.34
3187	3.47
3188	0.84
3189	1.21
3190	1.97
3191	2.02
3192	0.45
3193	1.71
3194	1.52
3195	0.47
3196	1.94
3197	2.23
3198	1.72
3199	0.2
3200	3.04
3201	0.68
3202	2.63
3203	1.39
3204	2.79
3205	1.12
3206	1.86
3207	2.62
3208	1.93
3209	3.67
3210	2.06
3211	0.59
3212	1.95
3213	1.07
3214	2.97
3215	1.53
3216	1.65
3217	2.43
3218	2.62
3219	2.08
3220	0.87
3221	1.94
3222	1.34
3223	2.02
3224	1.19
3225	0.77
3226	2.31
3227	0.97
3228	0.03
3229	1.55
3230	1.95
3231	2.55
3232	0.46
3233	1.39
3234	2.29
3235	1.89
3236	1.74
3237	1.43
3238	1.59
3239	2.62
3240	1.61
3241	0.78
3242	3.43
3243	1.49
3244	1.25
3245	1.22
3246	0.74
3247	0.98
3248	1.25
3249	0.56
3250	0.1
3251	2.18
3252	1.4
3253	0.2
3254	1.58
3255	1.16
3256	2.69
3257	2.67
3258	0.55
3259	1.45
3260	0.43
3261	0.65
3262	1.18
3263	1.58
3264	2.53
3265	1.2
3266	0.67
3267	0.28
3268	2.4
3269	2.63
3270	0.8
3271	2.3
3272	1.14
3273	1.35
3274	0.63
3275	2.24
3276	3.31
3277	2.23
3278	2.35
3279	1.56
3280	1.61
3281	0.55
3282	2.19
3283	2.52
3284	1.83
3285	2.76
3286	1.35
3287	1.01
3288	0.35
3289	2.3
3290	0.04
3291	1.85
3292	0.93
3293	1.33
3294	2.61
3295	0.41
3296	2.5
3297	2.54
3298	1.93
3299	1.43
3300	1.47
3301	0.1
3302	1.85
3303	1.98
3304	0.84
3305	3.02
3306	0.29
3307	1.62
3308	2.33
3309	2.15
3310	0.88
3311	1.52
3312	2.57
3313	1.46
3314	0.18
3315	0.22
3316	1.27
3317	0.28
3318	2.13
3319	1.47
3320	0.93
3321	0.49
3322	2.01
3323	1.69
3324	1.41
3325	2.38
3326	1.49
3327	2.71
3328	1.18
3329	1.67
3330	1.63
3331	0.57
3332	1.88
3333	2.53
3334	0.26
3335	1.1
3336	2.07
3337	0.76
3338	1.17
3339	0.08
3340	2.49
3341	1.31
3342	1.16
3343	2.73
3344	0.3
3345	1.37
3346	0.7
3347	2.49
3348	1.32
3349	1.17
3350	2.68
3351	2.07
3352	3.45
3353	0.41
3354	2.11
3355	0.77
3356	2.31
3357	2.2
3358	1.09
3359	0.6
3360	0.14
3361	1.01
3362	1.2
3363	1.73
3364	1.85
3365	0.74
3366	1.83
3367	0.08
3368	1.83
3369	1.77
3370	1.5
3371	2.8
3372	1.91
3373	1.11
3374	1.25
3375	1.36
3376	1.4
3377	1.53
3378	2.26
3379	0.4
3380	3.09
3381	0.93
3382	2.06
3383	2.3
3384	0.11
3385	1.79
3386	2.89
3387	2.14
3388	2.27
3389	0.94
3390	0.9
3391	2.2
3392	0.51
3393	1.49
3394	3.28
3395	0.52
3396	0.1
3397	2.0
3398	0.48
3399	0.68
3400	2.19
3401	0.11
3402	0.65
3403	1.71
3404	0.81
3405	0.59
3406	1.71
3407	1.37
3408	0.9
3409	2.63
3410	0.15
3411	1.35
3412	1.92
3413	1.28
3414	1.45
3415	0.78
3416	1.8
3417	0.98
3418	1.3
3419	0.84
3420	2.76
3421	0.17
3422	1.58
3423	0.81
3424	2.44
3425	0.55
3426	0.77
3427	1.42
3428	2.36
3429	1.55
3430	1.04
3431	2.48
3432	1.46
3433	1.51
3434	1.49
3435	1.48
3436	1.02
3437	1.94
3438	0.81
3439	1.31
3440	0.7
3441	0.6
3442	1.53
3443	0.13
3444	0.82
3445	1.31
3446	1.39
3447	1.5
3448	2.6
3449	0.59
3450	2.28
3451	1.17
3452	0.66
3453	0.43
3454	0.46
3455	1.11
3456	1.84
3457	0.95
3458	1.01
3459	0.7
3460	1.67
3461	1.63
3462	2.25
3463	2.54
3464	2.42
3465	1.64
3466	1.88
3467	0.31
3468	0.83
3469	1.48
3470	3.41
3471	0.91
3472	2.4
3473	3.74
3474	0.27
3475	0.48
3476	3.17
3477	1.63
3478	1.13
3479	0.78
3480	1.29
3481	2.01
3482	1.78
3483	1.87
3484	1.75
3485	0.71
3486	2.51
3487	2.27
3488	1.57
3489	1.25
3490	1.4
3491	1.66
3492	0.85
3493	0.16
3494	0.69
3495	1.92
3496	2.55
3497	0.0
3498	1.5
3499	1.52
3500	1.81
3501	2.33
3502	1.11
3503	1.03
3504	0.42
3505	0.94
3506	1.97
3507	3.32
3508	1.33
3509	1.48
3510	2.07
3511	2.06
3512	2.13
3513	2.88
3514	0.08
3515	0.38
3516	1.47
3517	0.04
3518	0.25
3519	1.58
3520	2.3
3521	2.29
3522	2.48
3523	2.64
3524	0.91
3525	1.87
3526	1.15
3527	2.81
3528	2.53
3529	2.51
3530	0.77
3531	1.96
3532	0.47
3533	0.34
3534	1.29
3535	1.12
3536	2.56
3537	1.28
3538	1.4
3539	4.07
3540	3.82
3541	0.38
3542	1.97
3543	3.48
3544	1.31
3545	0.59
3546	1.7
3547	1.41
3548	1.36
3549	1.06
3550	0.79
3551	0.63
3552	2.42
3553	1.97
3554	1.4
3555	1.75
3556	1.99
3557	1.74
3558	1.39
3559	2.43
3560	1.56
3561	3.31
3562	1.44
3563	0.98
3564	2.87
3565	2.68
3566	0.31
3567	0.58
3568	0.56
3569	1.65
3570	3.86
3571	1.31
3572	2.26
3573	1.78
3574	0.96
3575	4.08
3576	1.59
3577	2.23
3578	0.46
3579	0.21
3580	1.81
3581	0.88
3582	1.45
3583	1.45
3584	1.09
3585	0.78
3586	1.73
3587	2.29
3588	0.24
3589	1.76
3590	1.8
3591	2.87
3592	1.37
3593	2.38
3594	1.92
3595	3.35
3596	0.56
3597	2.99
3598	1.34
3599	1.41
3600	2.92
3601	2.04
3602	0.77
3603	0.79
3604	1.56
3605	0.37
3606	1.34
3607	2.46
3608	0.4
3609	1.46
3610	1.44
3611	1.81
3612	0.95
3613	0.05
3614	1.77
3615	1.92
3616	1.18
3617	0.7
3618	1.5
3619	1.34
3620	0.92
3621	0.71
3622	1.35
3623	2.24
3624	1.35
3625	1.55
3626	1.47
3627	1.59
3628	0.64
3629	0.81
3630	4.18
3631	2.27
3632	2.55
3633	0.65
3634	2.94
3635	1.09
3636	0.83
3637	1.23
3638	2.38
3639	0.75
3640	0.81
3641	2.41
3642	2.44
3643	1.96
3644	2.08
3645	0.33
3646	1.78
3647	0.66
3648	1.74
3649	1.45
3650	3.69
3651	2.1
3652	1.35
3653	1.13
3654	3.19
3655	3.06
3656	2.2
3657	1.61
3658	2.44
3659	1.99
3660	0.34
3661	0.36
3662	1.33
3663	1.98
3664	1.95
3665	2.73
3666	1.3
3667	1.73
3668	2.26
3669	2.0
3670	1.11
3671	3.38
3672	2.52
3673	0.36
3674	1.03
3675	3.1
3676	1.99
3677	2.2
3678	3.01
3679	0.91
3680	2.05
3681	1.53
3682	1.29
3683	2.83
3684	1.58
3685	0.02
3686	0.87
3687	1.13
3688	0.38
3689	1.92
3690	1.1
3691	1.99
3692	2.66
3693	2.03
3694	1.96
3695	0.94
3696	2.14
3697	0.26
3698	1.95
3699	3.56
3700	2.01
3701	1.21
3702	0.54
3703	2.27
3704	2.21
3705	2.66
3706	0.44
3707	2.1
3708	0.77
3709	0.81
3710	1.76
3711	4.23
3712	2.75
3713	0.43
3714	2.66
3715	1.73
3716	0.68
3717	1.56
3718	2.02
3719	2.9
3720	0.19
3721	1.2
3722	2.06
3723	2.35
3724	2.92
3725	0.73
3726	0.9
3727	1.15
3728	1.21
3729	3.06
3730	1.09
3731	1.75
3732	2.06
3733	1.23
3734	0.58
3735	0.75
3736	2.26
3737	1.26
3738	1.05
3739	0.98
3740	0.4
3741	3.11
3742	2.56
3743	1.11
3744	2.75
3745	2.67
3746	1.14
3747	2.18
3748	1.39
3749	2.18
3750	2.16
3751	1.09
3752	2.6
3753	2.58
3754	2.21
3755	3.15
3756	2.11
3757	0.79
3758	2.23
3759	0.41
3760	1.72
3761	1.36
3762	1.48
3763	1.92
3764	2.13
3765	3.7
3766	2.37
3767	1.99
3768	1.64
3769	1.48
3770	1.39
3771	2.92
3772	3.96
3773	2.48
3774	0.34
3775	2.54
3776	1.84
3777	2.12
3778	0.44
3779	1.18
3780	2.13
3781	2.28
3782	0.52
3783	2.77
3784	1.96
3785	2.05
3786	1.72
3787	0.23
3788	1.19
3789	2.02
3790	0.8
3791	1.59
3792	0.96
3793	0.45
3794	3.09
3795	1.44
3796	2.17
3797	2.37
3798	2.81
3799	1.95
3800	0.67
3801	2.53
3802	0.7
3803	2.83
3804	2.28
3805	0.51
3806	2.06
3807	2.07
3808	0.35
3809	2.96
3810	2.42
3811	2.57
3812	1.33
3813	1.69
3814	1.43
3815	3.12
3816	1.29
3817	0.33
3818	2.27
3819	1.42
3820	0.96
3821	1.88
3822	0.47
3823	0.62
3824	2.26
3825	2.22
3826	0.66
3827	1.57
3828	0.84
3829	2.29
3830	1.88
3831	0.96
3832	2.0
3833	0.62
3834	1.56
3835	1.42
3836	0.87
3837	1.06
3838	1.9
3839	0.34
3840	3.4
3841	2.76
3842	0.98
3843	2.51
3844	1.69
3845	1.61
3846	1.32
3847	0.83
3848	1.61
3849	1.17
3850	2.24
3851	0.29
3852	1.37
3853	2.53
3854	0.22
3855	0.23
3856	0.92
3857	2.5
3858	0.33
3859	2.63
3860	0.45
3861	0.87
3862	4.53
3863	1.23
3864	1.52
3865	1.28
3866	2.02
3867	0.97
3868	2.52
3869	0.73
3870	1.96
3871	0.7
3872	0.74
3873	0.44
3874	2.26
3875	2.04
3876	1.78
3877	1.98
3878	1.73
3879	1.77
3880	2.15
3881	0.46
3882	0.89
3883	1.35
3884	1.08
3885	2.29
3886	2.03
3887	1.67
3888	1.29
3889	1.93
3890	1.72
3891	2.17
3892	2.37
3893	2.67
3894	1.81
3895	2.1
3896	0.57
3897	1.7
3898	0.3
3899	0.87
3900	1.35
3901	1.11
3902	0.97
3903	0.55
3904	1.96
3905	1.9
3906	2.87
3907	2.35
3908	0.7
3909	2.62
3910	1.61
3911	0.73
3912	1.6
3913	1.34
3914	0.88
3915	1.46
3916	2.68
3917	0.94
3918	1.87
3919	1.78
3920	3.68
3921	1.01
3922	1.82
3923	0.71
3924	1.85
3925	1.24
3926	2.34
3927	1.1
3928	0.77
3929	2.13
3930	0.27
3931	2.38
3932	0.62
3933	0.94
3934	0.58
3935	1.79
3936	0.74
3937	2.75
3938	2.83
3939	1.66
3940	1.39
3941	2.65
3942	0.94
3943	1.87
3944	0.82
3945	3.14
3946	0.9
3947	1.19
3948	0.48
3949	2.11
3950	2.65
3951	2.92
3952	1.41
3953	0.61
3954	2.06
3955	3.55
3956	1.0
3957	0.65
3958	2.23
3959	0.74
3960	2.38
3961	0.11
3962	2.74
3963	0.45
3964	1.01
3965	2.18
3966	1.29
3967	1.95
3968	2.94
3969	1.09
3970	1.65
3971	1.5
3972	2.64
3973	0.23
3974	2.42
3975	0.79
3976	3.59
3977	0.25
3978	1.64
3979	2.3
3980	0.69
3981	1.66
3982	1.45
3983	1.21
3984	1.96
3985	2.13
3986	1.45
3987	1.44
3988	0.5
3989	2.73
3990	1.73
3991	3.16
3992	0.33
3993	2.78
3994	1.72
3995	3.41
3996	2.24
3997	1.22
3998	2.47
3999	0.78
4000	1.18
4001	0.83
4002	2.52
4003	0.98
4004	2.19
4005	0.15
4006	2.71
4007	3.41
4008	0.73
4009	1.13
4010	0.82
4011	2.71
4012	1.48
4013	2.17
4014	1.32
4015	2.94
4016	2.41
4017	0.46
4018	1.19
4019	2.31
4020	1.26
4021	0.94
4022	1.38
4023	2.1
4024	0.54
4025	2.22
4026	0.65
4027	1.95
4028	1.49
4029	0.12
4030	0.65
4031	3.54
4032	0.97
4033	1.57
4034	0.07
4035	1.45
4036	2.09
4037	3.77
4038	0.53
4039	2.18
4040	1.85
4041	0.59
4042	2.9
4043	1.1
4044	1.59
4045	0.02
4046	1.13
4047	1.11
4048	1.8
4049	1.43
4050	1.78
4051	1.15
4052	0.4
4053	1.81
4054	1.19
4055	2.89
4056	1.11
4057	1.73
4058	0.97
4059	1.97
4060	1.43
4061	1.24
4062	0.98
4063	0.39
4064	0.96
4065	1.6
4066	3.44
4067	0.61
4068	1.04
4069	0.9
4070	0.29
4071	1.02
4072	0.71
4073	0.81
4074	0.02
4075	1.12
4076	1.52
4077	1.11
4078	1.09
4079	2.49
4080	1.18
4081	1.31
4082	2.25
4083	2.23
4084	0.37
4085	2.51
4086	1.52
4087	1.85
4088	1.06
4089	0.81
4090	0.56
4091	0.37
4092	1.69
4093	1.61
4094	1.03
4095	0.42
4096	0.69
4097	1.13
4098	1.13
4099	1.51
4100	0.93
4101	1.88
4102	1.95
4103	0.13
4104	2.41
4105	1.65
4106	1.18
4107	1.71
4108	2.62
4109	0.9
4110	1.12
4111	1.39
4112	1.94
4113	0.29
4114	0.06
4115	0.15
4116	2.52
4117	0.77
4118	1.35
4119	0.6
4120	0.7
4121	2.23
4122	0.99
4123	3.52
4124	1.37
4125	1.06
4126	2.3
4127	1.36
4128	0.67
4129	0.52
4130	1.0
4131	1.39
4132	0.52
4133	2.37
4134	2.46
4135	0.62
4136	2.12
4137	0.68
4138	1.33
4139	2.54
4140	1.61
4141	1.59
4142	1.0
4143	1.38
4144	1.77
4145	3.21
4146	2.03
4147	3.3
4148	1.55
4149	0.94
4150	2.04
4151	1.57
4152	1.31
4153	0.99
4154	1.32
4155	0.63
4156	1.32
4157	1.29
4158	1.51
4159	1.86
4160	2.03
4161	2.11
4162	2.28
4163	1.93
4164	3.05
4165	1.47
4166	1.16
4167	2.33
4168	1.63
4169	1.29
4170	0.82
4171	1.23
4172	1.07
4173	1.47
4174	2.04
4175	1.07
4176	3.0
4177	1.82
4178	1.66
4179	3.64
4180	2.9
4181	1.73
4182	1.5
4183	0.93
4184	1.73
4185	2.69
4186	1.5
4187	1.81
4188	3.16
4189	1.87
4190	0.14
4191	2.01
4192	0.9
4193	2.74
4194	1.08
4195	1.08
4196	0.93
4197	2.88
4198	0.44
4199	2.19
4200	2.37
4201	1.92
4202	2.39
4203	1.69
4204	1.83
4205	1.07
4206	3.3
4207	2.96
4208	0.83
4209	0.02
4210	2.68
4211	2.18
4212	0.6
4213	2.91
4214	2.7
4215	1.44
4216	1.61
4217	1.88
4218	1.51
4219	2.64
4220	1.3
4221	2.25
4222	2.14
4223	1.81
4224	2.19
4225	0.7
4226	1.3
4227	2.35
4228	2.39
4229	1.35
4230	2.72
4231	0.97
4232	0.86
4233	2.58
4234	0.7
4235	1.24
4236	1.11
4237	1.07
4238	0.53
4239	3.01
4240	1.96
4241	1.88
4242	0.76
4243	2.98
4244	2.49
4245	1.96
4246	0.08
4247	1.85
4248	0.18
4249	1.2
4250	0.69
4251	1.84
4252	2.08
4253	0.84
4254	3.01
4255	0.61
4256	2.14
4257	1.6
4258	1.27
4259	1.38
4260	1.01
4261	0.55
4262	1.6
4263	2.89
4264	1.95
4265	2.13
4266	1.7
4267	0.61
4268	0.11
4269	2.24
4270	1.96
4271	2.64
4272	2.11
4273	0.67
4274	0.46
4275	2.03
4276	1.35
4277	0.63
4278	1.71
4279	2.15
4280	0.76
4281	1.2
4282	0.33
4283	0.94
4284	1.66
4285	2.16
4286	1.33
4287	0.37
4288	2.16
4289	2.06
4290	0.8
4291	1.7
4292	1.98
4293	2.97
4294	1.81
4295	2.91
4296	1.52
4297	1.65
4298	3.3
4299	1.73
4300	0.47
4301	1.89
4302	2.44
4303	1.44
4304	3.73
4305	0.05
4306	0.98
4307	2.72
4308	0.4
4309	2.42
4310	1.06
4311	0.54
4312	1.34
4313	1.21
4314	0.74
4315	2.58
4316	1.54
4317	1.25
4318	2.27
4319	0.3
4320	0.64
4321	1.09
4322	1.56
4323	2.86
4324	2.77
4325	1.28
4326	1.85
4327	0.87
4328	0.68
4329	1.43
4330	1.15
4331	1.58
4332	2.51
4333	2.3
4334	1.92
4335	1.8
4336	1.77
4337	2.52
4338	3.32
4339	2.0
4340	0.33
4341	3.26
4342	0.71
4343	1.69
4344	0.59
4345	0.76
4346	2.34
4347	2.53
4348	1.66
4349	1.7
4350	1.32
4351	3.67
4352	1.37
4353	1.45
4354	2.28
4355	3.35
4356	1.96
4357	2.15
4358	2.59
4359	0.24
4360	0.95
4361	2.05
4362	1.59
4363	1.95
4364	2.88
4365	2.68
4366	1.51
4367	1.61
4368	3.03
4369	0.62
4370	1.14
4371	1.29
4372	2.95
4373	3.72
4374	0.34
4375	2.14
4376	1.11
4377	1.17
4378	0.23
4379	2.52
4380	1.82
4381	0.9
4382	2.45
4383	1.05
4384	0.94
4385	3.42
4386	1.96
4387	0.91
4388	1.9
4389	1.89
4390	0.85
4391	2.69
4392	1.14
4393	1.42
4394	2.29
4395	0.53
4396	2.35
4397	2.51
4398	1.17
4399	2.43
4400	1.44
4401	1.1
4402	1.54
4403	0.38
4404	0.83
4405	1.67
4406	1.75
4407	0.65
4408	1.0
4409	1.36
4410	1.27
4411	0.44
4412	1.08
4413	1.53
4414	0.02
4415	0.8
4416	2.0
4417	2.12
4418	1.42
4419	1.78
4420	1.0
4421	0.62
4422	2.22
4423	2.9
4424	2.79
4425	0.45
4426	1.77
4427	0.85
4428	1.34
4429	2.39
4430	2.66
4431	0.54
4432	0.23
4433	1.34
4434	1.94
4435	1.65
4436	0.79
4437	3.12
4438	2.9
4439	0.78
4440	0.69
4441	1.49
4442	2.54
4443	1.58
4444	0.64
4445	1.14
4446	3.68
4447	1.34
4448	0.59
4449	1.52
4450	2.26
4451	2.39
4452	1.63
4453	2.16
4454	0.76
4455	2.01
4456	1.54
4457	2.51
4458	2.24
4459	1.62
4460	0.63
4461	2.19
4462	0.6
4463	2.02
4464	2.21
4465	3.03
4466	0.61
4467	0.22
4468	2.14
4469	0.12
4470	1.29
4471	1.56
4472	2.94
4473	1.94
4474	1.39
4475	2.57
4476	3.24
4477	1.33
4478	1.88
4479	1.67
4480	2.88
4481	1.22
4482	0.92
4483	1.29
4484	1.79
4485	0.02
4486	1.41
4487	1.81
4488	1.44
4489	1.4
4490	1.02
4491	1.54
4492	1.19
4493	2.13
4494	2.01
4495	1.19
4496	1.57
4497	0.59
4498	1.49
4499	1.77
4500	2.82
4501	1.12
4502	1.1
4503	0.09
4504	1.22
4505	0.59
4506	1.56
4507	2.32
4508	3.08
4509	0.51
4510	0.4
4511	1.63
4512	1.11
4513	1.36
4514	1.17
4515	0.68
4516	1.24
4517	2.48
4518	1.06
4519	1.46
4520	3.01
4521	1.57
4522	1.68
4523	3.61
4524	1.26
4525	1.3
4526	1.11
4527	1.84
4528	0.76
4529	0.53
4530	0.58
4531	0.95
4532	0.88
4533	1.49
4534	1.93
4535	0.68
4536	2.13
4537	2.29
4538	1.2
4539	0.61
4540	2.42
4541	0.19
4542	2.63
4543	2.56
4544	0.33
4545	2.82
4546	1.58
4547	1.75
4548	0.62
4549	0.09
4550	2.54
4551	0.13
4552	2.39
4553	2.31
4554	0.97
4555	0.12
4556	3.46
4557	0.55
4558	2.33
4559	0.84
4560	1.14
4561	2.5
4562	1.27
4563	1.2
4564	1.67
4565	0.56
4566	1.34
4567	0.71
4568	1.15
4569	1.48
4570	0.96
4571	3.24
4572	1.94
4573	3.01
4574	0.4
4575	1.18
4576	1.78
4577	0.75
4578	0.26
4579	1.26
4580	1.51
4581	1.51
4582	1.51
4583	1.39
4584	1.86
4585	1.56
4586	1.66
4587	0.67
4588	2.73
4589	0.04
4590	1.12
4591	0.6
4592	2.36
4593	0.37
4594	1.28
4595	1.43
4596	2.69
4597	1.6
4598	1.94
4599	2.97
4600	0.29
4601	1.18
4602	1.08
4603	0.13
4604	3.04
4605	1.06
4606	3.4
4607	1.43
4608	1.37
4609	2.24
4610	1.48
4611	1.5
4612	2.85
4613	1.72
4614	1.52
4615	1.07
4616	2.55
4617	0.43
4618	1.52
4619	1.38
4620	1.68
4621	0.6
4622	0.25
4623	2.14
4624	1.15
4625	1.38
4626	0.81
4627	0.51
4628	0.88
4629	2.14
4630	2.5
4631	2.5
4632	3.51
4633	1.62
4634	0.91
4635	3.82
4636	1.25
4637	1.59
4638	2.24
4639	2.78
4640	1.95
4641	3.11
4642	1.77
4643	2.36
4644	1.05
4645	3.21
4646	1.11
4647	1.03
4648	1.06
4649	1.36
4650	0.18
4651	1.67
4652	0.08
4653	1.87
4654	1.31
4655	1.26
4656	3.03
4657	0.9
4658	1.89
4659	2.48
4660	0.53
4661	1.91
4662	1.7
4663	1.63
4664	1.78
4665	2.13
4666	0.36
4667	1.87
4668	0.78
4669	2.0
4670	0.68
4671	1.33
4672	0.95
4673	0.89
4674	2.51
4675	1.49
4676	0.27
4677	1.68
4678	1.88
4679	1.93
4680	1.22
4681	1.67
4682	0.55
4683	0.38
4684	2.14
4685	1.61
4686	1.77
4687	0.75
4688	2.05
4689	0.32
4690	1.22
4691	0.64
4692	0.05
4693	0.82
4694	0.79
4695	0.31
4696	0.66
4697	2.0
4698	2.54
4699	0.07
4700	1.65
4701	3.0
4702	0.67
4703	2.7
4704	1.5
4705	1.05
4706	0.42
4707	0.12
4708	2.1
4709	0.52
4710	0.89
4711	1.76
4712	1.28
4713	2.45
4714	0.12
4715	2.14
4716	2.24
4717	0.58
4718	2.59
4719	3.56
4720	1.14
4721	0.25
4722	2.86
4723	1.42
4724	3.33
4725	0.69
4726	1.32
4727	3.28
4728	2.56
4729	1.22
4730	1.18
4731	3.14
4732	0.63
4733	2.15
4734	0.61
4735	1.9
4736	1.94
4737	2.3
4738	1.67
4739	0.26
4740	2.16
4741	1.99
4742	2.18
4743	3.51
4744	0.69
4745	0.73
4746	1.83
4747	2.05
4748	1.04
4749	2.66
4750	2.73
4751	2.05
4752	0.78
4753	1.82
4754	1.48
4755	0.61
4756	1.12
4757	1.4
4758	2.75
4759	4.6
4760	0.77
4761	1.27
4762	1.82
4763	0.25
4764	1.89
4765	0.24
4766	2.29
4767	2.17
4768	0.67
4769	2.9
4770	3.37
4771	0.18
4772	0.22
4773	1.81
4774	1.31
4775	1.33
4776	2.21
4777	1.19
4778	1.99
4779	0.45
4780	1.74
4781	2.03
4782	2.38
4783	2.24
4784	2.77
4785	1.29
4786	1.5
4787	3.4
4788	0.32
4789	0.67
4790	2.46
4791	0.9
4792	1.64
4793	1.63
4794	0.93
4795	1.54
4796	1.71
4797	1.41
4798	0.07
4799	1.81
4800	2.71
4801	2.4
4802	2.75
4803	2.52
4804	0.44
4805	1.8
4806	0.45
4807	0.81
4808	1.3
4809	0.49
4810	1.12
4811	2.39
4812	3.28
4813	0.14
4814	0.84
4815	1.73
4816	1.79
4817	1.73
4818	1.44
4819	1.65
4820	2.21
4821	0.1
4822	0.89
4823	3.02
4824	1.57
4825	2.49
4826	1.89
4827	0.88
4828	1.88
4829	2.09
4830	2.83
4831	1.0
4832	1.66
4833	3.84
4834	2.57
4835	0.5
4836	2.56
4837	0.67
4838	2.97
4839	3.14
4840	1.61
4841	1.13
4842	2.35
4843	1.42
4844	2.21
4845	0.1
4846	2.27
4847	0.95
4848	1.45
4849	2.92
4850	0.9
4851	1.39
4852	1.01
4853	1.72
4854	0.42
4855	0.94
4856	3.16
4857	3.12
4858	1.64
4859	1.43
4860	1.61
4861	0.37
4862	2.31
4863	1.76
4864	1.47
4865	1.83
4866	0.52
4867	1.87
4868	0.49
4869	2.61
4870	1.15
4871	1.84
4872	1.54
4873	2.2
4874	2.52
4875	2.03
4876	0.93
4877	3.58
4878	1.33
4879	2.62
4880	0.68
4881	3.14
4882	1.29
4883	0.82
4884	0.37
4885	2.51
4886	0.67
4887	3.26
4888	3.07
4889	1.08
4890	1.34
4891	1.37
4892	1.45
4893	1.28
4894	2.02
4895	2.4
4896	1.83
4897	0.11
4898	2.12
4899	2.14
4900	0.09
4901	1.11
4902	1.84
4903	0.75
4904	2.47
4905	0.72
4906	0.69
4907	2.77
4908	2.48
4909	2.39
4910	2.39
4911	1.52
4912	1.59
4913	3.46
4914	0.92
4915	1.42
4916	1.8
4917	2.92
4918	2.69
4919	1.92
4920	0.62
4921	2.3
4922	1.38
4923	1.2
4924	1.09
4925	0.15
4926	2.17
4927	2.32
4928	1.16
4929	2.31
4930	1.79
4931	2.29
4932	1.0
4933	2.8
4934	0.68
4935	3.72
4936	0.9
4937	1.26
4938	1.57
4939	1.26
4940	1.82
4941	3.01
4942	0.85
4943	0.33
4944	1.85
4945	1.35
4946	0.46
4947	0.84
4948	1.3
4949	1.02
4950	3.92
4951	3.19
4952	3.63
4953	1.0
4954	2.6
4955	1.04
4956	1.59
4957	1.95
4958	3.26
4959	2.12
4960	2.56
4961	2.12
4962	1.26
4963	0.58
4964	1.92
4965	1.58
4966	0.11
4967	0.55
4968	1.64
4969	1.6
4970	2.38
4971	0.96
4972	0.71
4973	1.35
4974	0.2
4975	2.63
4976	2.73
4977	1.31
4978	1.56
4979	2.87
4980	0.37
4981	1.24
4982	1.65
4983	1.51
4984	2.36
4985	1.62
4986	0.98
4987	1.64
4988	2.27
4989	2.79
4990	0.89
4991	1.37
4992	1.88
4993	1.44
4994	0.01
4995	0.66
4996	2.23
4997	1.36
4998	1.51
4999	1.71
5000	2.85
5001	1.11
5002	2.4
5003	0.92
5004	2.09
5005	1.04
5006	1.4
5007	1.39
5008	0.95
5009	1.4
5010	1.59
5011	3.3
5012	1.42
5013	3.65
5014	2.43
5015	2.45
5016	1.04
5017	1.82
5018	1.36
5019	1.02
5020	2.25
5021	0.26
5022	0.59
5023	1.44
5024	1.53
5025	2.31
5026	1.83
5027	2.17
5028	1.15
5029	1.43
5030	1.82
5031	1.05
5032	0.25
5033	2.54
5034	0.01
5035	1.61
5036	0.64
5037	0.05
5038	0.58
5039	1.11
5040	1.57
5041	0.71
5042	3.81
5043	0.67
5044	1.79
5045	2.38
5046	1.0
5047	1.24
5048	0.8
5049	0.34
5050	1.57
5051	0.45
5052	0.54
5053	1.57
5054	0.53
5055	1.33
5056	1.14
5057	2.15
5058	2.37
5059	1.64
5060	2.11
5061	1.47
5062	0.94
5063	0.94
5064	1.52
5065	0.92
5066	0.79
5067	1.26
5068	1.06
5069	2.1
5070	0.06
5071	1.1
5072	2.47
5073	1.7
5074	1.26
5075	1.28
5076	0.13
5077	1.21
5078	2.09
5079	2.46
5080	2.56
5081	0.7
5082	3.35
5083	0.14
5084	0.82
5085	2.69
5086	1.38
5087	1.77
5088	1.03
5089	2.58
5090	2.03
5091	1.36
5092	2.18
5093	2.65
5094	2.31
5095	0.17
5096	1.32
5097	1.8
5098	1.77
5099	0.19
5100	1.76
5101	0.07
5102	1.79
5103	1.66
5104	1.7
5105	0.72
5106	0.48
5107	1.86
5108	2.08
5109	0.87
5110	1.75
5111	2.01
5112	2.16
5113	1.93
5114	1.67
5115	2.37
5116	2.32
5117	1.71
5118	3.04
5119	2.41
5120	1.32
5121	2.02
5122	3.54
5123	0.63
5124	1.87
5125	2.57
5126	1.61
5127	1.68
5128	0.11
5129	2.16
5130	1.81
5131	0.25
5132	0.42
5133	1.38
5134	1.94
5135	1.14
5136	0.36
5137	1.44
5138	1.29
5139	4.75
5140	0.29
5141	1.05
5142	0.88
5143	1.33
5144	0.9
5145	1.64
5146	1.34
5147	2.6
5148	1.18
5149	1.77
5150	2.31
5151	1.93
5152	2.93
5153	1.47
5154	1.77
5155	2.46
5156	0.56
5157	1.12
5158	2.47
5159	0.54
5160	0.36
5161	1.87
5162	0.38
5163	2.07
5164	0.35
5165	0.04
5166	3.09
5167	1.92
5168	2.46
5169	0.66
5170	2.46
5171	0.06
5172	1.89
5173	2.09
5174	1.75
5175	2.11
5176	0.96
5177	1.51
5178	1.25
5179	2.83
5180	1.85
5181	1.06
5182	0.99
5183	1.28
5184	1.88
5185	2.05
5186	2.27
5187	1.09
5188	2.07
5189	1.63
5190	1.19
5191	1.35
5192	2.58
5193	1.49
5194	1.4
5195	2.18
5196	0.8
5197	2.0
5198	1.33
5199	1.05
5200	2.62
5201	0.89
5202	0.95
5203	1.15
5204	1.68
5205	0.4
5206	0.87
5207	3.05
5208	1.98
5209	0.74
5210	1.78
5211	1.55
5212	1.5
5213	2.02
5214	0.44
5215	3.19
5216	1.71
5217	2.32
5218	1.5
5219	3.49
5220	1.73
5221	2.56
5222	1.7
5223	2.41
5224	2.57
5225	2.69
5226	2.0
5227	0.53
5228	2.2
5229	1.58
5230	1.48
5231	0.37
5232	1.5
5233	2.5
5234	1.78
5235	1.49
5236	1.95
5237	1.07
5238	0.97
5239	0.46
5240	1.13
5241	1.75
5242	1.97
5243	0.97
5244	1.62
5245	0.18
5246	1.14
5247	1.68
5248	0.67
5249	1.63
5250	3.7
5251	2.7
5252	1.52
5253	1.51
5254	1.6
5255	2.69
5256	2.44
5257	1.44
5258	1.16
5259	1.55
5260	2.35
5261	0.61
5262	0.87
5263	0.49
5264	1.54
5265	1.65
5266	1.65
5267	0.29
5268	0.63
5269	0.68
5270	1.55
5271	1.03
5272	1.25
5273	1.94
5274	0.2
5275	2.6
5276	1.55
5277	1.78
5278	4.17
5279	1.48
5280	1.49
5281	0.85
5282	0.21
5283	1.03
5284	0.83
5285	2.48
5286	1.96
5287	2.68
5288	0.43
5289	1.35
5290	1.63
5291	2.51
5292	1.11
5293	0.53
5294	0.79
5295	0.81
5296	1.95
5297	1.84
5298	1.72
5299	3.35
5300	1.94
5301	1.9
5302	4.2
5303	1.99
5304	2.93
5305	0.65
5306	0.73
5307	1.55
5308	1.17
5309	2.38
5310	0.01
5311	2.16
5312	1.6
5313	1.12
5314	1.55
5315	1.39
5316	1.34
5317	4.23
5318	1.65
5319	0.57
5320	1.88
5321	1.33
5322	1.52
5323	2.14
5324	0.98
5325	1.14
5326	0.73
5327	2.44
5328	2.18
5329	2.22
5330	2.38
5331	1.22
5332	1.61
5333	0.54
5334	3.12
5335	1.61
5336	0.61
5337	2.46
5338	2.7
5339	1.15
5340	1.14
5341	2.62
5342	1.56
5343	3.06
5344	1.83
5345	0.65
5346	2.64
5347	1.1
5348	2.47
5349	3.05
5350	0.7
5351	1.93
5352	2.05
5353	1.72
5354	2.94
5355	0.46
5356	2.0
5357	1.67
5358	2.5
5359	2.68
5360	1.06
5361	0.99
5362	0.63
5363	1.66
5364	3.0
5365	1.92
5366	0.52
5367	1.88
5368	2.97
5369	2.29
5370	2.93
5371	0.02
5372	1.36
5373	1.31
5374	2.51
5375	0.63
5376	1.11
5377	0.93
5378	3.43
5379	2.96
5380	1.89
5381	3.54
5382	2.62
5383	0.97
5384	0.32
5385	0.65
5386	2.01
5387	2.9
5388	0.16
5389	1.35
5390	0.41
5391	2.86
5392	0.18
5393	1.56
5394	1.54
5395	1.07
5396	0.05
5397	2.67
5398	1.93
5399	1.7
5400	0.16
5401	0.18
5402	0.96
5403	2.18
5404	0.39
5405	3.59
5406	0.84
5407	3.52
5408	3.68
5409	2.93
5410	1.22
5411	2.52
5412	2.48
5413	1.62
5414	0.83
5415	2.73
5416	1.35
5417	1.82
5418	2.53
5419	1.58
5420	2.6
5421	0.61
5422	1.88
5423	2.9
5424	0.98
5425	2.04
5426	1.79
5427	0.91
5428	1.34
5429	2.07
5430	3.1
5431	1.31
5432	0.95
5433	3.16
5434	2.04
5435	2.93
5436	1.09
5437	3.02
5438	2.13
5439	0.25
5440	2.15
5441	0.95
5442	2.32
5443	1.69
5444	0.32
5445	0.31
5446	2.86
5447	2.46
5448	1.09
5449	0.1
5450	1.21
5451	2.46
5452	1.93
5453	0.55
5454	1.44
5455	0.76
5456	1.6
5457	0.06
5458	2.61
5459	1.37
5460	1.01
5461	0.38
5462	2.28
5463	0.6
5464	1.11
5465	1.48
5466	0.79
5467	0.32
5468	0.91
5469	1.21
5470	2.64
5471	1.35
5472	1.54
5473	1.32
5474	2.2
5475	0.54
5476	2.16
5477	3.41
5478	2.91
5479	0.37
5480	1.81
5481	2.05
5482	2.34
5483	1.0
5484	0.9
5485	1.81
5486	2.44
5487	0.49
5488	1.99
5489	2.68
5490	0.52
5491	1.29
5492	1.93
5493	1.68
5494	0.09
5495	0.61
5496	0.92
5497	1.49
5498	1.32
5499	0.58
5500	2.49
5501	3.92
5502	0.39
5503	0.48
5504	3.47
5505	1.93
5506	2.04
5507	0.78
5508	2.68
5509	2.0
5510	3.57
5511	0.37
5512	0.85
5513	1.22
5514	1.67
5515	1.67
5516	2.69
5517	1.0
5518	2.71
5519	1.27
5520	1.39
5521	0.97
5522	1.48
5523	1.15
5524	3.25
5525	1.11
5526	2.63
5527	2.57
5528	0.59
5529	2.62
5530	2.98
5531	0.84
5532	3.24
5533	1.92
5534	2.63
5535	0.5
5536	1.05
5537	1.4
5538	1.17
5539	1.65
5540	2.74
5541	2.79
5542	3.65
5543	1.13
5544	0.86
5545	3.13
5546	1.19
5547	1.12
5548	0.0
5549	1.91
5550	1.41
5551	2.16
5552	2.88
5553	1.63
5554	1.45
5555	3.48
5556	2.13
5557	2.48
5558	1.47
5559	2.43
5560	1.55
5561	2.58
5562	0.12
5563	2.19
5564	0.55
5565	0.44
5566	2.96
5567	1.49
5568	2.11
5569	3.73
5570	0.76
5571	0.29
5572	1.69
5573	1.03
5574	1.77
5575	1.88
5576	0.39
5577	1.96
5578	0.16
5579	2.13
5580	1.95
5581	1.94
5582	3.35
5583	0.87
5584	2.2
5585	3.47
5586	3.9
5587	0.52
5588	0.2
5589	0.91
5590	1.81
5591	2.65
5592	0.05
5593	0.7
5594	0.43
5595	1.58
5596	2.46
5597	2.63
5598	0.88
5599	1.31
5600	2.66
5601	2.23
5602	0.66
5603	2.02
5604	2.39
5605	0.72
5606	2.28
5607	1.81
5608	2.92
5609	1.17
5610	1.78
5611	0.95
5612	1.76
5613	1.46
5614	1.16
5615	2.12
5616	2.22
5617	2.64
5618	1.74
5619	2.22
5620	1.73
5621	1.43
5622	1.04
5623	0.15
5624	0.56
5625	2.17
5626	0.57
5627	0.18
5628	1.06
5629	0.73
5630	2.28
5631	0.82
5632	1.45
5633	1.77
5634	1.77
5635	0.38
5636	0.14
5637	1.23
5638	1.4
5639	1.89
5640	0.29
5641	1.83
5642	1.21
5643	0.91
5644	2.69
5645	0.87
5646	1.48
5647	1.86
5648	2.09
5649	2.07
5650	1.83
5651	0.71
5652	1.69
5653	1.17
5654	2.56
5655	0.93
5656	2.41
5657	1.3
5658	0.93
5659	1.35
5660	3.97
5661	2.71
5662	2.48
5663	1.99
5664	0.36
5665	1.23
5666	2.87
5667	1.11
5668	0.72
5669	1.82
5670	1.94
5671	0.83
5672	2.35
5673	0.81
5674	1.85
5675	0.99
5676	2.25
5677	0.62
5678	1.26
5679	0.92
5680	1.11
5681	0.82
5682	0.81
5683	1.63
5684	1.19
5685	0.92
5686	1.34
5687	0.8
5688	1.11
5689	0.4
5690	0.66
5691	0.87
5692	3.15
5693	2.22
5694	1.87
5695	1.31
5696	0.74
5697	1.73
5698	0.72
5699	1.78
5700	0.82
5701	1.86
5702	1.17
5703	1.92
5704	0.84
5705	2.91
5706	1.71
5707	1.76
5708	0.32
5709	2.03
5710	2.15
5711	1.69
5712	1.59
5713	3.0
5714	1.52
5715	0.45
5716	0.65
5717	1.95
5718	2.41
5719	0.73
5720	2.17
5721	0.75
5722	1.15
5723	0.97
5724	1.99
5725	2.01
5726	1.53
5727	1.84
5728	2.69
5729	0.22
5730	1.63
5731	0.81
5732	1.88
5733	1.34
5734	1.62
5735	0.57
5736	3.67
5737	1.59
5738	0.67
5739	2.89
5740	1.76
5741	2.72
5742	1.52
5743	1.64
5744	2.04
5745	2.65
5746	1.43
5747	2.17
5748	0.22
5749	1.35
5750	3.52
5751	4.29
5752	0.67
5753	0.14
5754	0.46
5755	2.41
5756	1.14
5757	0.37
5758	1.83
5759	0.5
5760	0.46
5761	2.46
5762	2.02
5763	1.72
5764	2.0
5765	1.47
5766	2.43
5767	1.39
5768	0.43
5769	0.83
5770	1.47
5771	1.6
5772	0.15
5773	2.41
5774	2.33
5775	1.61
5776	0.65
5777	2.84
5778	1.36
5779	0.51
5780	2.82
5781	2.45
5782	1.77
5783	1.92
5784	1.26
5785	2.66
5786	0.08
5787	0.43
5788	0.98
5789	2.76
5790	2.15
5791	2.3
5792	1.37
5793	1.1
5794	0.11
5795	1.59
5796	2.07
5797	4.19
5798	1.24
5799	0.91
5800	3.48
5801	1.53
5802	2.61
5803	0.98
5804	0.83
5805	1.23
5806	0.31
5807	2.2
5808	1.07
5809	2.45
5810	1.75
5811	2.33
5812	2.58
5813	1.15
5814	1.48
5815	1.51
5816	0.55
5817	1.66
5818	3.22
5819	3.74
5820	0.76
5821	1.18
5822	1.28
5823	1.91
5824	2.29
5825	0.61
5826	3.0
5827	1.38
5828	1.67
5829	0.88
5830	1.19
5831	1.12
5832	1.57
5833	0.3
5834	1.55
5835	0.82
5836	1.81
5837	4.17
5838	1.45
5839	0.73
5840	1.52
5841	2.35
5842	2.02
5843	0.04
5844	0.51
5845	0.84
5846	1.03
5847	2.7
5848	0.95
5849	0.76
5850	1.4
5851	0.79
5852	1.34
5853	1.89
5854	0.19
5855	2.89
5856	2.66
5857	0.31
5858	1.24
5859	2.47
5860	1.37
5861	0.63
5862	1.86
5863	1.52
5864	1.67
5865	1.95
5866	2.92
5867	2.72
5868	1.92
5869	0.17
5870	2.45
5871	0.95
5872	1.11
5873	2.3
5874	1.02
5875	0.38
5876	1.52
5877	2.82
5878	1.55
5879	1.54
5880	2.62
5881	1.11
5882	1.97
5883	0.78
5884	3.2
5885	2.75
5886	0.35
5887	2.4
5888	2.36
5889	1.43
5890	0.69
5891	1.53
5892	0.71
5893	1.85
5894	1.01
5895	0.4
5896	1.66
5897	3.48
5898	0.6
5899	0.84
5900	1.82
5901	1.92
5902	2.91
5903	0.85
5904	0.56
5905	2.68
5906	1.59
5907	2.38
5908	2.57
5909	1.4
5910	1.12
5911	0.86
5912	1.87
5913	1.69
5914	1.49
5915	3.2
5916	3.29
5917	0.72
5918	1.78
5919	1.48
5920	1.89
5921	1.4
5922	1.99
5923	1.82
5924	2.77
5925	1.48
5926	0.25
5927	1.65
5928	0.39
5929	0.97
5930	2.23
5931	1.14
5932	1.21
5933	1.47
5934	1.46
5935	2.53
5936	1.23
5937	2.68
5938	1.07
5939	0.51
5940	1.55
5941	1.98
5942	1.25
5943	2.66
5944	0.38
5945	0.41
5946	3.0
5947	2.11
5948	1.53
5949	1.34
5950	1.61
5951	0.78
5952	1.97
5953	1.11
5954	2.76
5955	1.48
5956	0.47
5957	1.69
5958	1.14
5959	2.02
5960	2.59
5961	1.37
5962	0.78
5963	0.48
5964	1.55
5965	1.62
5966	2.45
5967	2.08
5968	2.02
5969	0.64
5970	1.7
5971	1.38
5972	0.29
5973	2.97
5974	1.43
5975	0.81
5976	0.07
5977	2.32
5978	2.09
5979	1.31
5980	2.89
5981	3.92
5982	2.22
5983	1.43
5984	0.65
5985	2.79
5986	1.26
5987	2.62
5988	1.4
5989	3.88
5990	1.09
5991	2.62
5992	1.12
5993	1.83
5994	0.02
5995	1.68
5996	1.6
5997	1.04
5998	1.66
5999	1.99
6000	0.51
6001	2.89
6002	1.65
6003	2.25
6004	0.08
6005	1.64
6006	1.71
6007	1.64
6008	1.4
6009	2.32
6010	2.19
6011	2.1
6012	2.53
6013	0.88
6014	1.19
6015	1.28
6016	1.01
6017	1.0
6018	1.7
6019	1.64
6020	1.91
6021	1.1
6022	3.27
6023	0.77
6024	1.78
6025	1.54
6026	3.4
6027	1.39
6028	2.09
6029	0.47
6030	1.6
6031	2.25
6032	0.38
6033	1.78
6034	1.93
6035	1.12
6036	2.22
6037	2.01
6038	2.31
6039	2.73
6040	2.02
6041	0.26
6042	1.99
6043	1.23
6044	1.45
6045	1.12
6046	0.27
6047	0.78
6048	1.69
6049	2.65
6050	1.37
6051	1.45
6052	0.94
6053	0.28
6054	1.84
6055	1.29
6056	2.58
6057	1.79
6058	1.36
6059	2.39
6060	0.38
6061	2.53
6062	2.29
6063	1.83
6064	1.1
6065	0.71
6066	1.36
6067	0.47
6068	0.08
6069	3.11
6070	2.47
6071	3.67
6072	1.4
6073	0.87
6074	1.24
6075	1.75
6076	3.51
6077	0.23
6078	1.7
6079	0.2
6080	1.96
6081	3.19
6082	2.18
6083	2.94
6084	1.43
6085	0.52
6086	1.76
6087	2.13
6088	3.0
6089	2.26
6090	2.43
6091	2.01
6092	1.4
6093	2.61
6094	1.75
6095	1.28
6096	1.33
6097	2.18
6098	2.33
6099	2.93
6100	1.48
6101	1.26
6102	2.9
6103	0.76
6104	1.86
6105	1.6
6106	2.88
6107	1.96
6108	0.87
6109	1.34
6110	2.85
6111	2.91
6112	2.36
6113	1.09
6114	0.11
6115	1.44
6116	1.87
6117	1.06
6118	1.01
6119	1.96
6120	0.57
6121	2.63
6122	1.41
6123	0.64
6124	2.2
6125	1.43
6126	0.59
6127	1.28
6128	0.61
6129	2.27
6130	1.85
6131	1.11
6132	1.26
6133	1.2
6134	2.02
6135	1.11
6136	1.85
6137	2.29
6138	0.43
6139	1.64
6140	2.18
6141	3.0
6142	2.68
6143	1.52
6144	1.76
6145	1.61
6146	3.02
6147	0.87
6148	0.04
6149	1.22
6150	0.16
6151	1.27
6152	2.31
6153	0.28
6154	0.37
6155	0.04
6156	2.13
6157	2.67
6158	2.0
6159	0.5
6160	0.33
6161	0.68
6162	2.73
6163	2.3
6164	2.39
6165	1.33
6166	1.9
6167	0.08
6168	1.69
6169	1.02
6170	1.63
6171	2.3
6172	2.15
6173	0.78
6174	1.92
6175	0.68
6176	0.03
6177	0.96
6178	1.45
6179	1.82
6180	2.66
6181	0.81
6182	1.69
6183	0.9
6184	0.78
6185	0.32
6186	2.13
6187	2.83
6188	0.87
6189	0.68
6190	2.2
6191	1.2
6192	1.24
6193	0.59
6194	1.37
6195	1.12
6196	2.66
6197	3.59
6198	1.95
6199	0.99
6200	0.48
6201	1.48
6202	2.52
6203	1.31
6204	1.9
6205	1.68
6206	0.56
6207	1.91
6208	0.53
6209	0.4
6210	1.88
6211	1.36
6212	0.73
6213	2.03
6214	0.88
6215	1.98
6216	2.26
6217	1.9
6218	0.16
6219	2.26
6220	1.21
6221	1.43
6222	0.76
6223	0.99
6224	1.44
6225	0.3
6226	0.82
6227	2.61
6228	2.19
6229	0.97
6230	0.78
6231	1.71
6232	1.75
6233	2.52
6234	0.88
6235	1.76
6236	0.99
6237	0.8
6238	1.95
6239	0.07
6240	1.69
6241	0.2
6242	1.87
6243	1.24
6244	0.11
6245	2.06
6246	2.07
6247	1.82
6248	1.06
6249	0.84
6250	0.18
6251	2.55
6252	1.21
6253	1.94
6254	1.95
6255	1.15
6256	3.19
6257	0.95
6258	1.57
6259	0.84
6260	2.09
6261	0.99
6262	1.27
6263	0.65
6264	0.96
6265	1.4
6266	0.01
6267	1.07
6268	2.43
6269	1.91
6270	0.84
6271	1.65
6272	1.31
6273	4.73
6274	0.25
6275	2.04
6276	0.5
6277	1.68
6278	1.76
6279	2.55
6280	1.48
6281	0.39
6282	0.27
6283	1.83
6284	2.25
6285	0.9
6286	1.48
6287	1.49
6288	0.98
6289	2.5
6290	2.04
6291	0.56
6292	0.53
6293	3.22
6294	1.21
6295	2.72
6296	2.64
6297	1.03
6298	3.54
6299	0.16
6300	0.72
6301	1.61
6302	2.71
6303	1.11
6304	1.37
6305	1.32
6306	2.65
6307	1.17
6308	2.39
6309	2.36
6310	1.55
6311	0.99
6312	1.39
6313	0.7
6314	1.19
6315	2.6
6316	1.32
6317	2.44
6318	0.46
6319	1.62
6320	2.93
6321	0.11
6322	2.95
6323	0.22
6324	0.77
6325	1.28
6326	0.76
6327	0.94
6328	2.05
6329	1.34
6330	0.57
6331	0.64
6332	2.33
6333	2.03
6334	3.76
6335	2.72
6336	1.16
6337	1.94
6338	1.2
6339	1.54
6340	2.86
6341	1.27
6342	3.5
6343	2.12
6344	0.61
6345	1.87
6346	1.1
6347	1.76
6348	1.18
6349	2.89
6350	1.54
6351	1.95
6352	2.73
6353	2.46
6354	2.57
6355	2.31
6356	2.93
6357	0.86
6358	1.77
6359	2.07
6360	1.48
6361	2.47
6362	1.99
6363	0.52
6364	1.97
6365	0.76
6366	2.92
6367	0.37
6368	1.44
6369	1.69
6370	0.7
6371	1.26
6372	3.19
6373	1.62
6374	0.18
6375	3.29
6376	1.97
6377	1.54
6378	0.63
6379	1.29
6380	2.01
6381	0.08
6382	0.69
6383	1.26
6384	1.18
6385	1.42
6386	1.95
6387	3.17
6388	2.77
6389	0.05
6390	0.69
6391	1.72
6392	0.48
6393	1.15
6394	0.73
6395	1.52
6396	3.56
6397	1.95
6398	1.85
6399	2.86
6400	1.67
6401	2.19
6402	1.48
6403	2.43
6404	1.82
6405	2.37
6406	1.42
6407	0.33
6408	2.71
6409	0.14
6410	0.79
6411	2.11
6412	0.88
6413	1.15
6414	2.11
6415	0.81
6416	1.19
6417	1.88
6418	1.19
6419	2.24
6420	1.38
6421	2.53
6422	1.22
6423	2.17
6424	2.18
6425	3.2
6426	3.34
6427	0.29
6428	1.59
6429	2.85
6430	3.47
6431	2.79
6432	2.04
6433	3.05
6434	3.09
6435	2.53
6436	2.06
6437	0.81
6438	1.6
6439	3.62
6440	2.32
6441	1.27
6442	1.63
6443	0.57
6444	0.85
6445	2.32
6446	0.56
6447	1.61
6448	2.34
6449	2.38
6450	0.62
6451	1.2
6452	1.67
6453	2.55
6454	1.46
6455	2.13
6456	0.5
6457	1.76
6458	2.72
6459	2.83
6460	1.55
6461	0.66
6462	1.95
6463	2.34
6464	1.51
6465	1.62
6466	0.83
6467	0.81
6468	0.77
6469	0.89
6470	0.85
6471	1.62
6472	2.71
6473	0.48
6474	0.96
6475	1.16
6476	0.75
6477	1.61
6478	2.73
6479	1.63
6480	1.25
6481	1.39
6482	0.28
6483	2.01
6484	1.01
6485	0.83
6486	1.95
6487	2.88
6488	0.8
6489	1.82
6490	0.72
6491	1.9
6492	3.65
6493	1.99
6494	2.16
6495	0.15
6496	1.82
6497	1.29
6498	1.28
6499	2.41
6500	0.72
6501	2.27
6502	1.76
6503	0.51
6504	2.34
6505	2.02
6506	1.08
6507	0.17
6508	1.25
6509	2.84
6510	2.51
6511	1.24
6512	0.24
6513	1.26
6514	1.46
6515	1.9
6516	2.02
6517	3.43
6518	0.89
6519	2.21
6520	0.43
6521	2.05
6522	0.34
6523	1.8
6524	2.65
6525	2.37
6526	0.25
6527	2.15
6528	2.57
6529	0.68
6530	0.73
6531	1.5
6532	1.69
6533	0.71
6534	0.76
6535	2.24
6536	0.61
6537	1.71
6538	0.05
6539	2.0
6540	1.52
6541	1.64
6542	1.34
6543	1.63
6544	0.69
6545	0.06
6546	2.63
6547	2.38
6548	2.71
6549	2.02
6550	0.88
6551	1.39
6552	1.27
6553	0.13
6554	0.7
6555	0.69
6556	1.65
6557	1.83
6558	3.35
6559	1.09
6560	1.8
6561	0.79
6562	1.51
6563	1.93
6564	1.03
6565	2.14
6566	1.02
6567	0.88
6568	1.33
6569	1.53
6570	4.06
6571	2.32
6572	1.08
6573	1.02
6574	0.95
6575	1.43
6576	0.44
6577	3.44
6578	1.85
6579	2.54
6580	0.96
6581	0.33
6582	0.82
6583	2.38
6584	1.57
6585	0.62
6586	1.89
6587	0.08
6588	1.08
6589	0.61
6590	2.57
6591	1.55
6592	1.65
6593	0.87
6594	0.45
6595	1.93
6596	1.94
6597	1.45
6598	0.39
6599	2.32
6600	2.85
6601	2.31
6602	0.93
6603	0.78
6604	0.8
6605	2.4
6606	1.58
6607	0.76
6608	0.92
6609	1.01
6610	0.87
6611	0.79
6612	1.07
6613	2.31
6614	2.17
6615	1.08
6616	0.28
6617	0.03
6618	1.66
6619	1.69
6620	3.27
6621	2.54
6622	2.07
6623	2.45
6624	1.96
6625	0.65
6626	2.54
6627	2.42
6628	0.85
6629	2.49
6630	1.15
6631	0.81
6632	2.69
6633	0.75
6634	3.2
6635	2.22
6636	2.17
6637	1.71
6638	1.14
6639	0.58
6640	2.68
6641	3.4
6642	0.6
6643	0.57
6644	1.36
6645	0.98
6646	2.21
6647	3.36
6648	3.14
6649	1.81
6650	2.15
6651	1.75
6652	1.96
6653	2.38
6654	3.58
6655	2.66
6656	0.43
6657	1.43
6658	1.35
6659	0.57
6660	1.42
6661	1.06
6662	2.43
6663	0.12
6664	2.25
6665	1.46
6666	2.06
6667	1.29
6668	1.65
6669	1.96
6670	2.34
6671	1.48
6672	0.6
6673	0.76
6674	2.36
6675	2.19
6676	0.08
6677	0.95
6678	1.25
6679	1.18
6680	1.14
6681	0.94
6682	0.7
6683	1.7
6684	1.21
6685	2.57
6686	0.47
6687	1.63
6688	0.38
6689	2.99
6690	2.97
6691	0.9
6692	3.02
6693	1.64
6694	2.08
6695	1.18
6696	1.71
6697	1.24
6698	2.3
6699	3.44
6700	0.63
6701	2.74
6702	2.26
6703	1.72
6704	0.92
6705	1.21
6706	2.79
6707	0.79
6708	3.12
6709	0.71
6710	1.9
6711	2.55
6712	2.32
6713	1.8
6714	2.69
6715	2.11
6716	0.35
6717	1.92
6718	1.43
6719	1.93
6720	1.11
6721	0.23
6722	2.69
6723	0.95
6724	1.2
6725	2.68
6726	4.13
6727	2.09
6728	4.23
6729	3.91
6730	0.66
6731	2.91
6732	3.36
6733	2.65
6734	1.51
6735	1.03
6736	2.26
6737	2.22
6738	1.1
6739	0.87
6740	2.16
6741	0.86
6742	1.83
6743	0.19
6744	2.63
6745	2.38
6746	0.86
6747	0.22
6748	1.62
6749	2.48
6750	0.74
6751	1.07
6752	3.2
6753	2.85
6754	0.88
6755	2.53
6756	1.81
6757	0.58
6758	0.35
6759	0.49
6760	2.81
6761	0.79
6762	2.43
6763	0.71
6764	0.96
6765	1.73
6766	1.37
6767	2.21
6768	2.09
6769	2.32
6770	0.85
6771	1.64
6772	2.17
6773	2.41
6774	0.84
6775	2.69
6776	0.14
6777	1.67
6778	1.07
6779	1.9
6780	2.46
6781	0.93
6782	1.03
6783	1.14
6784	0.57
6785	3.06
6786	2.07
6787	1.18
6788	4.03
6789	1.48
6790	0.22
6791	2.58
6792	2.74
6793	1.97
6794	1.48
6795	2.86
6796	1.4
6797	2.01
6798	2.93
6799	0.39
6800	2.04
6801	1.09
6802	3.27
6803	1.19
6804	1.91
6805	2.3
6806	1.31
6807	0.91
6808	2.43
6809	1.0
6810	2.76
6811	0.62
6812	0.51
6813	1.16
6814	1.79
6815	1.32
6816	1.96
6817	2.24
6818	2.2
6819	3.07
6820	2.11
6821	1.05
6822	0.98
6823	1.38
6824	0.72
6825	1.55
6826	1.77
6827	1.09
6828	1.34
6829	3.14
6830	1.37
6831	0.16
6832	3.16
6833	1.25
6834	1.18
6835	0.48
6836	2.31
6837	1.4
6838	2.09
6839	1.73
6840	2.51
6841	0.79
6842	0.21
6843	0.48
6844	1.19
6845	3.48
6846	1.84
6847	1.03
6848	0.04
6849	0.95
6850	2.27
6851	0.88
6852	1.42
6853	0.64
6854	1.51
6855	1.6
6856	1.48
6857	1.68
6858	0.36
6859	1.71
6860	1.68
6861	0.72
6862	0.97
6863	0.83
6864	1.35
6865	1.49
6866	2.7
6867	1.86
6868	0.35
6869	1.5
6870	1.68
6871	2.87
6872	0.4
6873	1.25
6874	1.6
6875	1.26
6876	2.4
6877	2.01
6878	1.68
6879	0.58
6880	0.64
6881	1.01
6882	0.55
6883	0.31
6884	2.54
6885	2.61
6886	0.93
6887	1.2
6888	2.47
6889	1.48
6890	0.47
6891	0.36
6892	2.9
6893	2.6
6894	2.7
6895	2.3
6896	0.28
6897	0.66
6898	1.88
6899	3.23
6900	1.62
6901	2.09
6902	2.03
6903	2.48
6904	1.95
6905	0.04
6906	2.52
6907	1.46
6908	3.3
6909	1.64
6910	2.4
6911	2.4
6912	0.26
6913	0.74
6914	1.18
6915	0.9
6916	1.61
6917	2.33
6918	1.24
6919	1.88
6920	3.08
6921	0.8
6922	2.57
6923	2.25
6924	2.01
6925	1.77
6926	1.1
6927	3.4
6928	1.49
6929	0.7
6930	2.18
6931	0.77
6932	1.79
6933	0.71
6934	0.59
6935	2.87
6936	0.44
6937	1.07
6938	0.75
6939	1.46
6940	1.47
6941	0.14
6942	0.57
6943	1.7
6944	1.37
6945	2.31
6946	2.64
6947	1.84
6948	2.24
6949	0.63
6950	1.29
6951	3.18
6952	0.64
6953	2.62
6954	1.02
6955	1.04
6956	1.93
6957	1.96
6958	1.02
6959	1.43
6960	2.48
6961	2.13
6962	0.04
6963	2.95
6964	1.17
6965	1.96
6966	0.4
6967	1.67
6968	1.25
6969	2.75
6970	1.96
6971	0.33
6972	0.7
6973	0.47
6974	2.22
6975	1.55
6976	1.56
6977	2.18
6978	2.0
6979	1.39
6980	1.39
6981	1.61
6982	2.0
6983	1.74
6984	2.02
6985	0.89
6986	1.69
6987	0.16
6988	1.31
6989	1.59
6990	1.12
6991	1.54
6992	0.0
6993	0.72
6994	0.3
6995	1.97
6996	0.3
6997	1.5
6998	3.04
6999	0.56
7000	3.9
7001	3.04
7002	2.67
7003	1.65
7004	2.23
7005	1.31
7006	1.33
7007	1.78
7008	3.45
7009	2.0
7010	0.31
7011	3.05
7012	3.48
7013	1.47
7014	1.06
7015	1.04
7016	1.54
7017	1.49
7018	1.63
7019	1.44
7020	2.66
7021	1.12
7022	1.82
7023	3.09
7024	1.48
7025	1.67
7026	2.36
7027	2.89
7028	1.14
7029	1.52
7030	1.26
7031	0.36
7032	0.14
7033	1.91
7034	2.35
7035	2.18
7036	1.56
7037	1.63
7038	0.89
7039	2.47
7040	1.21
7041	0.6
7042	1.64
7043	1.59
7044	1.49
7045	2.63
7046	1.52
7047	0.89
7048	2.35
7049	2.9
7050	1.77
7051	3.25
7052	2.01
7053	1.96
7054	2.02
7055	1.09
7056	1.35
7057	0.07
7058	0.95
7059	0.52
7060	0.49
7061	1.89
7062	2.38
7063	2.18
7064	1.56
7065	2.2
7066	1.67
7067	0.89
7068	2.57
7069	1.36
7070	2.25
7071	1.54
7072	1.77
7073	0.37
7074	2.2
7075	3.05
7076	1.32
7077	2.16
7078	1.74
7079	1.86
7080	0.28
7081	1.55
7082	0.9
7083	1.87
7084	3.11
7085	1.46
7086	1.29
7087	1.62
7088	0.03
7089	2.27
7090	2.91
7091	0.76
7092	2.25
7093	0.95
7094	0.84
7095	0.54
7096	1.58
7097	1.73
7098	1.76
7099	1.08
7100	2.38
7101	2.22
7102	3.04
7103	3.39
7104	2.31
7105	2.13
7106	1.1
7107	3.11
7108	0.51
7109	1.25
7110	2.17
7111	1.52
7112	1.21
7113	1.63
7114	1.8
7115	1.6
7116	1.64
7117	1.82
7118	2.17
7119	1.18
7120	0.36
7121	2.08
7122	0.8
7123	1.28
7124	1.96
7125	3.32
7126	2.24
7127	0.93
7128	2.72
7129	2.62
7130	2.02
7131	2.03
7132	1.0
7133	2.3
7134	1.68
7135	0.8
7136	0.45
7137	2.99
7138	0.83
7139	1.78
7140	3.18
7141	1.96
7142	2.31
7143	1.57
7144	2.16
7145	1.67
7146	1.77
7147	0.16
7148	1.57
7149	1.27
7150	1.24
7151	0.87
7152	1.72
7153	3.29
7154	1.56
7155	0.29
7156	0.74
7157	2.98
7158	1.48
7159	2.81
7160	0.71
7161	2.1
7162	2.71
7163	0.86
7164	2.56
7165	2.27
7166	0.32
7167	2.27
7168	1.48
7169	2.41
7170	1.0
7171	1.34
7172	1.17
7173	1.09
7174	0.62
7175	2.87
7176	0.61
7177	2.07
7178	3.98
7179	1.65
7180	1.82
7181	0.55
7182	1.84
7183	1.44
7184	0.83
7185	2.05
7186	1.13
7187	0.46
7188	0.27
7189	2.07
7190	1.52
7191	0.96
7192	1.42
7193	1.78
7194	2.6
7195	1.3
7196	1.31
7197	2.46
7198	1.47
7199	1.32
7200	1.7
7201	0.9
7202	1.36
7203	2.27
7204	1.36
7205	0.84
7206	0.91
7207	1.38
7208	0.92
7209	1.47
7210	3.08
7211	2.49
7212	2.64
7213	0.41
7214	1.13
7215	1.63
7216	0.32
7217	2.63
7218	1.49
7219	1.28
7220	2.57
7221	2.31
7222	3.13
7223	0.54
7224	1.73
7225	0.74
7226	1.6
7227	1.47
7228	2.1
7229	0.96
7230	0.88
7231	1.16
7232	1.77
7233	2.88
7234	3.13
7235	0.42
7236	1.76
7237	2.96
7238	0.67
7239	1.94
7240	0.68
7241	2.12
7242	2.5
7243	2.08
7244	1.55
7245	1.69
7246	3.5
7247	0.76
7248	1.29
7249	2.01
7250	0.2
7251	2.9
7252	0.92
7253	3.84
7254	1.18
7255	1.28
7256	0.26
7257	2.06
7258	2.3
7259	3.11
7260	2.55
7261	2.08
7262	2.62
7263	1.3
7264	0.84
7265	2.5
7266	0.81
7267	0.66
7268	0.51
7269	2.69
7270	1.78
7271	2.42
7272	2.19
7273	1.66
7274	1.59
7275	2.92
7276	2.15
7277	0.3
7278	1.13
7279	2.03
7280	0.25
7281	0.4
7282	0.43
7283	0.7
7284	1.93
7285	2.73
7286	1.56
7287	1.56
7288	3.42
7289	1.22
7290	2.46
7291	0.99
7292	2.29
7293	2.55
7294	2.42
7295	2.63
7296	2.17
7297	1.27
7298	1.18
7299	1.39
7300	1.39
7301	0.27
7302	1.45
7303	2.47
7304	0.73
7305	0.55
7306	1.62
7307	1.5
7308	0.85
7309	2.48
7310	2.57
7311	2.96
7312	2.58
7313	2.09
7314	1.71
7315	0.08
7316	2.01
7317	1.28
7318	2.04
7319	0.9
7320	0.15
7321	0.78
7322	1.78
7323	3.09
7324	2.85
7325	1.3
7326	2.88
7327	1.75
7328	0.67
7329	0.75
7330	1.58
7331	1.83
7332	1.09
7333	1.04
7334	1.83
7335	1.39
7336	0.8
7337	1.89
7338	0.67
7339	1.64
7340	0.2
7341	2.37
7342	2.72
7343	1.02
7344	0.98
7345	2.76
7346	0.47
7347	2.28
7348	1.73
7349	2.35
7350	0.13
7351	0.31
7352	1.27
7353	2.66
7354	2.02
7355	1.6
7356	1.72
7357	2.08
7358	1.31
7359	0.79
7360	4.17
7361	0.03
7362	2.37
7363	0.84
7364	0.6
7365	2.25
7366	0.47
7367	0.63
7368	1.94
7369	0.81
7370	3.82
7371	0.45
7372	2.54
7373	0.37
7374	2.05
7375	3.59
7376	0.47
7377	1.49
7378	0.48
7379	0.55
7380	0.35
7381	2.29
7382	0.66
7383	1.97
7384	3.03
7385	1.24
7386	0.72
7387	0.31
7388	1.12
7389	3.46
7390	1.19
7391	1.32
7392	2.29
7393	0.35
7394	1.32
7395	1.83
7396	3.18
7397	1.42
7398	1.73
7399	0.55
7400	1.48
7401	1.07
7402	3.36
7403	1.52
7404	1.26
7405	2.38
7406	2.74
7407	2.78
7408	0.41
7409	3.01
7410	1.47
7411	1.5
7412	0.65
7413	0.36
7414	1.08
7415	2.53
7416	2.36
7417	2.26
7418	0.82
7419	0.7
7420	0.59
7421	0.55
7422	2.06
7423	2.67
7424	0.49
7425	2.31
7426	0.79
7427	1.39
7428	1.3
7429	1.42
7430	0.34
7431	1.46
7432	2.54
7433	1.14
7434	3.31
7435	0.94
7436	0.82
7437	1.17
7438	0.3
7439	1.09
7440	0.71
7441	2.38
7442	1.51
7443	1.73
7444	0.48
7445	1.85
7446	1.3
7447	0.64
7448	0.46
7449	0.43
7450	0.71
7451	0.93
7452	0.16
7453	1.5
7454	2.49
7455	1.41
7456	2.5
7457	0.88
7458	1.49
7459	0.22
7460	0.31
7461	0.82
7462	0.3
7463	1.7
7464	1.03
7465	0.85
7466	2.8
7467	0.71
7468	1.16
7469	0.77
7470	0.98
7471	1.16
7472	0.23
7473	0.15
7474	2.8
7475	1.14
7476	1.15
7477	1.83
7478	0.95
7479	2.65
7480	1.12
7481	1.72
7482	1.16
7483	1.23
7484	1.64
7485	0.95
7486	1.15
7487	0.83
7488	1.76
7489	0.73
7490	0.25
7491	2.28
7492	1.46
7493	1.11
7494	1.12
7495	1.68
7496	0.93
7497	0.11
7498	2.58
7499	2.69
7500	0.0
7501	3.26
7502	0.4
7503	0.91
7504	3.59
7505	3.31
7506	0.72
7507	2.19
7508	2.04
7509	1.08
7510	2.03
7511	0.78
7512	2.01
7513	2.13
7514	1.66
7515	0.53
7516	1.44
7517	1.49
7518	2.63
7519	1.72
7520	0.29
7521	0.17
7522	0.75
7523	1.49
7524	2.44
7525	2.87
7526	0.43
7527	2.85
7528	0.52
7529	1.79
7530	1.16
7531	0.69
7532	3.04
7533	0.89
7534	1.47
7535	1.65
7536	2.01
7537	0.36
7538	2.72
7539	1.85
7540	0.67
7541	1.45
7542	1.91
7543	2.64
7544	1.2
7545	2.6
7546	1.15
7547	2.16
7548	0.73
7549	1.73
7550	0.86
7551	2.11
7552	3.62
7553	2.45
7554	1.7
7555	1.52
7556	2.11
7557	1.25
7558	3.54
7559	0.95
7560	1.76
7561	1.25
7562	0.37
7563	3.54
7564	2.66
7565	1.37
7566	1.34
7567	0.64
7568	0.99
7569	0.43
7570	1.55
7571	1.74
7572	0.75
7573	0.31
7574	1.79
7575	1.3
7576	0.42
7577	1.5
7578	0.76
7579	0.87
7580	0.57
7581	1.99
7582	1.34
7583	2.27
7584	1.47
7585	1.49
7586	1.44
7587	2.79
7588	1.85
7589	1.82
7590	1.77
7591	1.98
7592	2.27
7593	1.29
7594	3.68
7595	1.2
7596	1.18
7597	0.45
7598	1.41
7599	2.84
7600	1.54
7601	1.06
7602	0.09
7603	0.51
7604	2.33
7605	1.62
7606	0.94
7607	2.65
7608	1.67
7609	4.61
7610	2.47
7611	1.07
7612	2.26
7613	1.76
7614	1.56
7615	0.27
7616	1.31
7617	0.18
7618	1.83
7619	1.18
7620	1.92
7621	0.04
7622	2.45
7623	1.57
7624	1.21
7625	2.03
7626	2.06
7627	0.91
7628	1.68
7629	0.69
7630	3.5
7631	1.86
7632	0.74
7633	2.31
7634	1.24
7635	1.8
7636	1.15
7637	0.96
7638	1.42
7639	1.33
7640	2.83
7641	1.4
7642	2.04
7643	1.28
7644	2.28
7645	1.87
7646	2.18
7647	1.34
7648	1.63
7649	3.96
7650	1.33
7651	1.18
7652	1.23
7653	1.74
7654	0.91
7655	1.04
7656	1.79
7657	2.18
7658	1.31
7659	0.83
7660	2.2
7661	0.46
7662	1.85
7663	0.95
7664	2.28
7665	2.77
7666	1.91
7667	1.6
7668	1.41
7669	2.79
7670	1.36
7671	0.84
7672	0.91
7673	1.66
7674	0.63
7675	0.85
7676	0.76
7677	1.6
7678	1.78
7679	1.23
7680	2.3
7681	0.15
7682	1.23
7683	1.94
7684	1.94
7685	1.75
7686	1.18
7687	1.9
7688	2.4
7689	0.57
7690	3.22
7691	1.31
7692	2.56
7693	1.22
7694	0.84
7695	0.06
7696	1.01
7697	1.54
7698	1.68
7699	1.44
7700	3.0
7701	1.31
7702	0.14
7703	2.39
7704	1.72
7705	1.55
7706	2.27
7707	0.08
7708	0.53
7709	1.11
7710	0.43
7711	0.89
7712	2.89
7713	0.03
7714	1.8
7715	1.27
7716	1.28
7717	1.79
7718	1.36
7719	0.54
7720	1.43
7721	2.98
7722	2.67
7723	0.36
7724	1.47
7725	0.92
7726	0.89
7727	1.48
7728	2.43
7729	1.13
7730	1.58
7731	0.22
7732	2.54
7733	2.94
7734	2.42
7735	2.22
7736	0.31
7737	2.08
7738	1.86
7739	1.39
7740	2.08
7741	1.35
7742	0.55
7743	1.9
7744	1.86
7745	0.41
7746	2.12
7747	1.27
7748	2.43
7749	0.69
7750	1.22
7751	1.68
7752	1.41
7753	2.2
7754	1.43
7755	1.85
7756	1.42
7757	0.52
7758	0.6
7759	2.2
7760	2.22
7761	1.18
7762	1.15
7763	1.62
7764	1.96
7765	1.53
7766	1.37
7767	3.38
7768	1.87
7769	1.14
7770	2.0
7771	3.57
7772	0.85
7773	0.33
7774	3.1
7775	0.92
7776	1.39
7777	2.05
7778	2.44
7779	2.83
7780	0.59
7781	1.32
7782	3.64
7783	0.53
7784	2.57
7785	1.94
7786	2.69
7787	1.13
7788	1.26
7789	2.42
7790	1.26
7791	1.99
7792	1.38
7793	1.12
7794	0.8
7795	1.81
7796	1.66
7797	1.55
7798	1.45
7799	3.1
7800	0.3
7801	0.61
7802	3.05
7803	1.24
7804	0.83
7805	2.12
7806	1.42
7807	0.33
7808	1.39
7809	0.87
7810	0.77
7811	1.2
7812	0.7
7813	0.55
7814	0.85
7815	2.0
7816	1.32
7817	1.66
7818	1.35
7819	2.81
7820	0.6
7821	1.49
7822	0.95
7823	2.75
7824	2.78
7825	1.35
7826	0.37
7827	1.27
7828	1.04
7829	1.67
7830	0.52
7831	1.36
7832	1.81
7833	2.43
7834	3.0
7835	1.07
7836	2.84
7837	2.13
7838	0.83
7839	2.65
7840	0.51
7841	1.67
7842	1.18
7843	2.55
7844	0.97
7845	0.86
7846	1.15
7847	1.39
7848	1.31
7849	0.2
7850	0.11
7851	0.52
7852	2.48
7853	2.88
7854	2.91
7855	1.9
7856	1.59
7857	0.64
7858	3.03
7859	2.04
7860	1.47
7861	1.2
7862	2.15
7863	2.21
7864	1.85
7865	2.19
7866	0.92
7867	1.42
7868	0.96
7869	2.87
7870	0.17
7871	2.17
7872	1.86
7873	0.95
7874	0.55
7875	1.3
7876	0.79
7877	1.09
7878	0.46
7879	1.68
7880	1.0
7881	2.11
7882	0.59
7883	1.52
7884	2.22
7885	1.96
7886	2.69
7887	0.87
7888	2.49
7889	2.87
7890	2.2
7891	0.83
7892	1.89
7893	2.69
7894	1.97
7895	1.38
7896	0.6
7897	1.1
7898	1.25
7899	0.67
7900	0.92
7901	1.65
7902	1.81
7903	0.67
7904	0.17
7905	2.11
7906	2.39
7907	1.68
7908	2.74
7909	0.07
7910	0.03
7911	2.6
7912	0.71
7913	1.5
7914	2.42
7915	1.11
7916	1.68
7917	2.25
7918	1.47
7919	1.84
7920	1.86
7921	1.65
7922	1.24
7923	0.02
7924	1.05
7925	2.83
7926	1.73
7927	1.54
7928	1.93
7929	2.44
7930	3.5
7931	2.14
7932	1.83
7933	0.91
7934	2.07
7935	1.72
7936	2.56
7937	2.78
7938	0.01
7939	2.9
7940	0.99
7941	0.21
7942	3.18
7943	1.57
7944	1.66
7945	0.05
7946	1.04
7947	2.16
7948	0.94
7949	2.37
7950	2.06
7951	1.76
7952	0.08
7953	1.03
7954	2.26
7955	0.91
7956	2.38
7957	1.59
7958	0.73
7959	0.96
7960	1.91
7961	0.78
7962	1.73
7963	2.28
7964	1.16
7965	0.08
7966	0.75
7967	2.38
7968	1.35
7969	3.26
7970	1.68
7971	1.92
7972	2.06
7973	2.18
7974	1.19
7975	1.84
7976	0.96
7977	2.16
7978	1.72
7979	0.28
7980	1.76
7981	2.33
7982	0.84
7983	0.96
7984	2.04
7985	2.84
7986	1.94
7987	1.0
7988	1.51
7989	0.97
7990	0.61
7991	0.75
7992	1.07
7993	0.7
7994	1.45
7995	1.91
7996	1.6
7997	0.74
7998	2.4
7999	0.69
8000	0.33
8001	0.51
8002	2.66
8003	0.74
8004	3.13
8005	0.63
8006	0.96
8007	3.0
8008	3.34
8009	1.47
8010	0.58
8011	2.3
8012	2.14
8013	0.76
8014	1.91
8015	1.97
8016	0.51
8017	2.63
8018	2.7
8019	0.44
8020	2.49
8021	2.01
8022	4.09
8023	1.07
8024	1.3
8025	0.2
8026	1.82
8027	3.9
8028	1.94
8029	3.3
8030	1.11
8031	2.75
8032	2.25
8033	1.56
8034	2.78
8035	2.03
8036	1.25
8037	0.34
8038	1.09
8039	2.15
8040	1.19
8041	1.7
8042	3.5
8043	1.11
8044	3.68
8045	1.0
8046	1.89
8047	1.04
8048	1.22
8049	1.83
8050	3.01
8051	1.87
8052	2.07
8053	1.36
8054	1.48
8055	2.43
8056	0.98
8057	1.13
8058	2.74
8059	1.12
8060	1.75
8061	1.04
8062	1.72
8063	2.69
8064	0.08
8065	2.13
8066	0.57
8067	1.71
8068	1.71
8069	0.37
8070	1.05
8071	0.1
8072	3.73
8073	2.57
8074	2.96
8075	1.1
8076	0.92
8077	3.71
8078	2.41
8079	2.32
8080	1.47
8081	1.38
8082	3.42
8083	1.03
8084	0.35
8085	2.74
8086	0.92
8087	2.92
8088	0.76
8089	0.69
8090	0.68
8091	3.76
8092	1.0
8093	0.34
8094	2.2
8095	2.31
8096	2.06
8097	2.49
8098	0.18
8099	2.99
8100	1.32
8101	0.97
8102	1.01
8103	0.26
8104	2.81
8105	2.34
8106	0.41
8107	0.37
8108	0.92
8109	2.51
8110	1.58
8111	3.42
8112	1.38
8113	2.15
8114	1.94
8115	0.44
8116	2.0
8117	2.39
8118	0.45
8119	2.33
8120	1.84
8121	1.87
8122	1.13
8123	1.16
8124	1.41
8125	0.07
8126	0.87
8127	0.78
8128	3.97
8129	1.75
8130	1.46
8131	2.49
8132	1.77
8133	2.83
8134	1.94
8135	1.1
8136	0.39
8137	1.74
8138	1.5
8139	0.18
8140	1.98
8141	1.91
8142	0.37
8143	1.64
8144	0.01
8145	1.0
8146	1.42
8147	2.34
8148	1.98
8149	1.19
8150	1.39
8151	1.56
8152	2.03
8153	1.26
8154	1.86
8155	2.69
8156	1.37
8157	0.93
8158	1.89
8159	2.67
8160	0.26
8161	0.64
8162	1.42
8163	2.15
8164	0.54
8165	0.78
8166	0.38
8167	2.77
8168	0.07
8169	1.79
8170	1.8
8171	0.98
8172	1.17
8173	0.5
8174	0.07
8175	2.29
8176	0.51
8177	2.32
8178	2.23
8179	1.49
8180	0.8
8181	1.2
8182	1.46
8183	1.42
8184	1.72
8185	3.17
8186	1.02
8187	1.49
8188	1.96
8189	1.33
8190	0.9
8191	1.84
8192	2.38
8193	2.15
8194	0.31
8195	1.03
8196	3.16
8197	1.55
8198	1.78
8199	1.4
8200	1.56
8201	2.05
8202	2.61
8203	1.32
8204	0.4
8205	1.63
8206	3.53
8207	2.24
8208	1.08
8209	2.52
8210	2.31
8211	1.02
8212	2.02
8213	3.08
8214	0.34
8215	0.66
8216	1.67
8217	1.33
8218	1.89
8219	2.31
8220	0.22
8221	2.62
8222	2.03
8223	1.51
8224	2.98
8225	2.14
8226	3.69
8227	1.45
8228	3.32
8229	2.65
8230	0.66
8231	1.49
8232	1.51
8233	1.72
8234	1.58
8235	1.24
8236	1.43
8237	2.05
8238	1.95
8239	2.36
8240	1.42
8241	1.29
8242	3.94
8243	2.11
8244	3.43
8245	2.86
8246	1.78
8247	0.06
8248	2.2
8249	0.91
8250	1.28
8251	1.44
8252	2.15
8253	1.4
8254	0.89
8255	1.2
8256	0.81
8257	0.66
8258	2.72
8259	1.51
8260	2.14
8261	2.94
8262	0.65
8263	0.73
8264	1.68
8265	1.37
8266	2.23
8267	3.96
8268	0.88
8269	0.58
8270	1.51
8271	1.18
8272	3.69
8273	0.35
8274	1.74
8275	0.41
8276	1.59
8277	2.18
8278	1.76
8279	0.57
8280	2.74
8281	0.02
8282	2.44
8283	3.43
8284	1.05
8285	1.94
8286	2.73
8287	0.95
8288	1.25
8289	0.76
8290	1.58
8291	1.86
8292	2.44
8293	2.44
8294	0.62
8295	1.01
8296	4.51
8297	1.73
