0	0.07
1	0.72
2	0.39
3	0.71
4	0.17
5	0.38
6	0.7
7	0.97
8	0.58
9	0.52
10	0.56
11	0.51
12	1.01
13	0.38
14	0.86
15	0.32
16	0.58
17	0.02
18	0.34
19	0.29
20	0.62
21	0.48
22	0.38
23	0.07
24	0.33
25	0.37
26	1.11
27	0.5
28	0.67
29	0.58
30	0.53
31	0.6
32	0.71
33	0.72
34	0.37
35	0.8
36	0.6
37	0.65
38	0.16
39	0.44
40	0.58
41	1.04
42	0.21
43	0.51
44	0.32
45	0.27
46	0.49
47	0.53
48	0.6
49	0.13
50	0.45
51	0.47
52	0.59
53	0.98
54	0.74
55	0.27
56	0.5
57	0.5
58	1.04
59	0.03
60	0.88
61	0.17
62	0.83
63	0.9
64	0.02
65	0.77
66	0.55
67	0.52
68	0.37
69	0.14
70	0.5
71	0.26
72	0.81
73	0.38
74	0.99
75	0.03
76	0.6
77	0.81
78	0.28
79	0.53
80	0.5
81	0.22
82	0.57
83	0.52
84	0.7
85	0.6
86	0.49
87	0.29
88	0.71
89	0.68
90	0.22
91	0.1
92	0.77
93	0.61
94	0.38
95	0.96
96	0.49
97	0.4
98	0.29
99	0.52
100	0.3
101	0.25
102	0.59
103	0.56
104	0.41
105	0.44
106	0.59
107	0.48
108	0.68
109	0.53
110	0.7
111	0.01
112	0.41
113	0.66
114	0.55
115	0.82
116	0.5
117	0.52
118	0.86
119	0.59
120	1.14
121	0.82
122	0.65
123	0.59
124	0.77
125	0.26
126	0.36
127	0.6
128	0.27
129	0.45
130	0.17
131	0.56
132	0.25
133	0.13
134	0.37
135	0.6
136	0.57
137	0.28
138	0.36
139	0.46
140	0.67
141	0.25
142	0.27
143	0.67
144	0.66
145	0.41
146	0.65
147	0.32
148	0.48
149	0.17
150	0.89
151	0.71
152	0.47
153	0.77
154	0.14
155	0.2
156	0.07
157	0.71
158	0.37
159	0.17
160	0.43
161	0.69
162	0.15
163	0.6
164	0.84
165	0.75
166	0.66
167	0.5
168	0.3
169	0.57
170	0.55
171	0.29
172	0.32
173	0.7
174	0.65
175	0.65
176	0.21
177	0.58
178	0.59
179	0.53
180	0.7
181	0.62
182	0.51
183	0.69
184	0.95
185	0.45
186	0.65
187	0.5
188	0.01
189	0.73
190	0.49
191	0.55
192	0.64
193	0.52
194	0.29
195	0.68
196	0.59
197	0.87
198	0.07
199	1.07
200	0.71
201	0.5
202	0.41
203	0.54
204	0.42
205	0.52
206	0.46
207	0.46
208	0.88
209	0.4
210	0.47
211	0.54
212	0.34
213	0.58
214	0.4
215	0.36
216	0.34
217	0.17
218	1.25
219	0.42
220	0.63
221	0.71
222	0.61
223	0.87
224	0.33
225	0.86
226	0.32
227	0.39
228	0.49
229	0.63
230	0.33
231	0.43
232	0.43
233	0.44
234	0.74
235	0.22
236	0.38
237	1.08
238	0.67
239	0.37
240	0.58
241	0.04
242	0.6
243	0.15
244	0.48
245	0.8
246	0.96
247	0.6
248	0.67
249	0.42
250	0.7
251	0.11
252	0.24
253	0.44
254	0.82
255	0.55
256	0.34
257	0.68
258	0.33
259	0.46
260	0.3
261	0.88
262	0.74
263	0.67
264	0.61
265	0.31
266	0.94
267	0.84
268	0.82
269	0.84
270	0.48
271	0.43
272	0.38
273	0.43
274	0.94
275	0.29
276	0.37
277	0.46
278	0.89
279	0.93
280	0.34
281	0.31
282	0.39
283	0.66
284	0.23
285	0.81
286	0.34
287	0.64
288	0.32
289	0.03
290	0.46
291	0.48
292	0.54
293	0.54
294	0.59
295	0.88
296	0.52
297	0.69
298	0.56
299	0.11
300	0.27
301	0.01
302	0.1
303	1.01
304	0.31
305	0.02
306	0.39
307	0.75
308	1.02
309	1.03
310	0.1
311	0.28
312	0.56
313	0.88
314	0.2
315	0.19
316	0.42
317	1.14
318	0.4
319	0.57
320	0.35
321	0.19
322	0.67
323	0.67
324	0.4
325	0.17
326	0.7
327	0.48
328	0.3
329	1.04
330	0.73
331	0.42
332	0.62
333	0.79
334	0.1
335	0.5
336	0.43
337	1.18
338	0.37
339	0.4
340	0.59
341	0.85
342	0.99
343	0.68
344	0.75
345	0.74
346	0.39
347	0.23
348	0.45
349	0.49
350	0.47
351	0.73
352	0.72
353	0.77
354	0.49
355	0.62
356	0.87
357	0.15
358	1.13
359	0.19
360	0.65
361	0.05
362	0.59
363	0.55
364	0.56
365	0.6
366	0.47
367	0.77
368	0.52
369	0.41
370	0.66
371	0.82
372	0.29
373	0.66
374	0.5
375	0.76
376	0.86
377	0.76
378	0.72
379	0.49
380	0.41
381	0.64
382	0.25
383	0.82
384	0.34
385	0.11
386	0.68
387	0.89
388	0.88
389	0.26
390	0.5
391	0.71
392	0.63
393	0.46
394	0.57
395	0.42
396	0.62
397	0.53
398	0.62
399	0.01
400	0.88
401	0.35
402	0.08
403	1.35
404	0.59
405	0.51
406	0.14
407	0.64
408	0.32
409	0.66
410	0.5
411	0.88
412	0.63
413	0.36
414	0.39
415	0.46
416	0.49
417	0.4
418	0.63
419	0.3
420	0.79
421	0.23
422	0.32
423	0.77
424	0.26
425	0.78
426	0.25
427	0.65
428	0.43
429	0.28
430	0.34
431	1.16
432	0.37
433	0.46
434	0.6
435	0.27
436	0.49
437	1.13
438	0.62
439	0.29
440	0.21
441	0.29
442	0.66
443	0.12
444	0.39
445	0.42
446	0.45
447	0.76
448	0.23
449	1.02
450	0.67
451	0.51
452	0.65
453	0.52
454	0.35
455	0.45
456	0.22
457	0.39
458	0.33
459	1.37
460	0.72
461	0.55
462	0.49
463	0.64
464	0.48
465	0.38
466	0.29
467	0.15
468	0.54
469	0.47
470	0.06
471	0.74
472	0.53
473	0.21
474	0.6
475	0.75
476	0.67
477	0.07
478	0.8
479	0.58
480	0.03
481	0.59
482	0.01
483	0.37
484	0.3
485	0.81
486	0.72
487	0.4
488	0.73
489	0.48
490	0.88
491	0.11
492	0.66
493	0.48
494	0.81
495	1.13
496	0.67
497	0.51
498	0.89
499	0.34
500	0.32
501	0.36
502	0.34
503	0.61
504	0.41
505	0.55
506	0.32
507	0.55
508	0.5
509	0.56
510	0.85
511	0.18
512	0.46
513	0.22
514	0.58
515	0.69
516	0.55
517	0.5
518	0.8
519	0.4
520	0.46
521	0.13
522	0.84
523	0.34
524	0.77
525	0.01
526	0.41
527	0.93
528	0.94
529	0.67
530	0.24
531	1.25
532	0.63
533	0.3
534	0.7
535	0.64
536	0.62
537	0.37
538	0.52
539	0.37
540	0.55
541	0.42
542	0.46
543	0.36
544	0.55
545	0.13
546	0.78
547	0.62
548	0.02
549	1.06
550	0.3
551	0.72
552	0.17
553	0.45
554	0.55
555	1.02
556	0.29
557	0.46
558	0.05
559	0.3
560	0.57
561	0.44
562	0.64
563	0.78
564	0.36
565	0.69
566	0.51
567	0.39
568	0.52
569	0.34
570	0.73
571	0.89
572	0.37
573	0.59
574	0.62
575	0.52
576	0.78
577	0.2
578	0.67
579	0.45
580	0.37
581	0.86
582	0.23
583	0.66
584	0.3
585	0.65
586	0.85
587	0.46
588	0.74
589	0.87
590	0.24
591	0.93
592	0.54
593	0.5
594	0.59
595	0.14
596	0.81
597	0.65
598	0.52
599	0.93
600	0.5
601	0.26
602	0.02
603	0.41
604	0.93
605	0.64
606	0.3
607	0.68
608	0.47
609	0.97
610	0.8
611	0.65
612	0.37
613	0.98
614	0.46
615	0.58
616	0.7
617	0.08
618	0.03
619	0.57
620	0.2
621	0.27
622	0.7
623	0.6
624	0.49
625	0.08
626	0.29
627	0.68
628	0.31
629	0.48
630	0.43
631	0.58
632	0.09
633	0.44
634	0.44
635	0.59
636	0.62
637	0.52
638	0.78
639	0.42
640	0.94
641	0.39
642	0.72
643	0.59
644	0.25
645	0.29
646	0.71
647	0.43
648	0.82
649	0.42
650	0.7
651	0.29
652	0.72
653	0.58
654	0.47
655	0.51
656	0.47
657	0.1
658	0.3
659	0.57
660	0.07
661	0.43
662	0.63
663	0.4
664	0.5
665	0.1
666	0.69
667	0.17
668	0.5
669	0.2
670	0.57
671	0.16
672	0.28
673	0.27
674	0.4
675	0.44
676	0.23
677	0.25
678	0.58
679	0.39
680	0.92
681	0.36
682	0.25
683	0.52
684	0.62
685	1.17
686	0.5
687	0.38
688	0.42
689	0.67
690	0.56
691	0.37
692	0.49
693	0.67
694	0.47
695	0.27
696	0.79
697	1.07
698	0.54
699	0.94
700	0.35
701	0.54
702	0.12
703	0.57
704	0.51
705	0.56
706	0.23
707	0.54
708	0.53
709	0.56
710	0.33
711	0.25
712	0.48
713	0.05
714	0.99
715	0.43
716	0.2
717	0.33
718	0.6
719	0.35
720	0.58
721	1.41
722	0.5
723	0.79
724	0.37
725	0.26
726	0.81
727	0.61
728	0.02
729	0.43
730	0.28
731	0.02
732	0.55
733	0.5
734	0.44
735	0.26
736	0.64
737	0.32
738	0.8
739	0.82
740	0.43
741	0.58
742	0.94
743	0.55
744	0.45
745	0.8
746	0.71
747	0.79
748	0.22
749	0.24
750	0.57
751	0.93
752	0.09
753	0.11
754	0.11
755	0.42
756	0.4
757	0.29
758	0.42
759	0.21
760	0.43
761	0.23
762	0.52
763	0.91
764	0.04
765	0.43
766	0.33
767	0.55
768	0.32
769	0.66
770	0.58
771	0.53
772	0.8
773	0.91
774	1.08
775	0.73
776	0.25
777	0.36
778	0.54
779	0.95
780	0.3
781	0.47
782	0.33
783	0.45
784	0.46
785	0.82
786	0.77
787	0.38
788	1.1
789	0.77
790	0.28
791	0.38
792	0.63
793	0.68
794	0.52
795	1.23
796	0.73
797	0.21
798	0.44
799	0.22
800	0.72
801	0.48
802	0.37
803	0.03
804	0.31
805	0.59
806	0.28
807	0.89
808	0.5
809	0.56
810	0.44
811	0.26
812	0.76
813	0.85
814	0.72
815	0.81
816	0.49
817	0.5
818	0.83
819	0.45
820	0.52
821	0.81
822	0.76
823	0.73
824	0.46
825	0.73
826	0.3
827	0.46
828	0.63
829	0.42
830	0.69
831	0.34
832	0.62
833	0.39
834	0.71
835	0.55
836	0.07
837	0.34
838	0.34
839	0.5
840	0.04
841	0.46
842	0.49
843	0.05
844	0.22
845	0.7
846	0.11
847	0.14
848	0.44
849	0.26
850	0.39
851	0.65
852	0.72
853	0.48
854	0.6
855	0.7
856	0.3
857	0.24
858	0.38
859	0.8
860	0.62
861	0.85
862	0.99
863	0.3
864	0.59
865	0.67
866	0.67
867	0.82
868	0.08
869	0.45
870	0.81
871	0.73
872	0.67
873	0.53
874	0.6
875	0.85
876	0.61
877	0.06
878	0.44
879	0.3
880	0.52
881	0.93
882	0.77
883	0.4
884	0.27
885	0.79
886	0.46
887	0.94
888	0.01
889	0.23
890	0.48
891	0.37
892	0.68
893	0.57
894	0.33
895	0.6
896	0.73
897	0.16
898	0.23
899	0.15
900	0.16
901	0.18
902	0.34
903	0.5
904	0.59
905	0.81
906	0.43
907	0.44
908	0.49
909	0.32
910	0.62
911	0.68
912	0.62
913	0.25
914	0.46
915	0.18
916	0.51
917	0.47
918	0.76
919	0.23
920	0.4
921	0.69
922	0.48
923	0.45
924	0.04
925	0.48
926	0.7
927	0.0
928	0.09
929	0.43
930	0.68
931	0.3
932	1.19
933	0.34
934	0.34
935	1.12
936	0.59
937	0.65
938	0.35
939	0.37
940	0.22
941	0.44
942	0.1
943	0.47
944	0.69
945	0.23
946	0.45
947	0.21
948	0.45
949	1.33
950	0.32
951	0.46
952	0.46
953	0.56
954	0.8
955	0.6
956	0.58
957	0.48
958	0.74
959	0.17
960	0.3
961	0.3
962	0.55
963	1.1
964	0.19
965	0.37
966	0.27
967	0.81
968	0.73
969	0.03
970	0.74
971	0.16
972	0.4
973	1.38
974	0.68
975	0.21
976	0.69
977	0.04
978	0.53
979	0.58
980	0.06
981	0.88
982	0.57
983	0.16
984	0.43
985	0.05
986	0.47
987	0.43
988	1.05
989	0.77
990	0.49
991	0.55
992	0.54
993	0.59
994	0.19
995	0.49
996	0.47
997	0.26
998	0.8
999	0.52
1000	0.79
1001	0.6
1002	0.57
1003	0.61
1004	0.81
1005	0.47
1006	0.6
1007	0.54
1008	0.61
1009	0.57
1010	0.22
1011	0.62
1012	1.06
1013	0.0
1014	0.56
1015	0.79
1016	0.43
1017	0.37
1018	0.65
1019	0.52
1020	0.63
1021	0.71
1022	0.43
1023	0.74
1024	0.05
1025	0.28
1026	0.41
1027	0.13
1028	0.38
1029	0.22
1030	0.73
1031	0.69
1032	0.12
1033	0.81
1034	0.44
1035	0.57
1036	0.16
1037	0.38
1038	0.36
1039	0.56
1040	0.45
1041	0.9
1042	0.18
1043	0.68
1044	0.53
1045	0.76
1046	0.68
1047	0.65
1048	0.85
1049	0.82
1050	0.95
1051	0.63
1052	0.67
1053	1.07
1054	0.18
1055	0.39
1056	1.0
1057	0.68
1058	0.34
1059	0.58
1060	0.52
1061	0.39
1062	0.45
1063	0.17
1064	0.42
1065	0.8
1066	0.88
1067	0.35
1068	0.41
1069	0.58
1070	1.02
1071	0.52
1072	0.28
1073	0.51
1074	0.52
1075	0.14
1076	0.14
1077	0.57
1078	0.72
1079	0.09
1080	0.6
1081	0.75
1082	0.82
1083	0.3
1084	0.16
1085	0.53
1086	0.6
1087	0.67
1088	0.85
1089	0.17
1090	0.47
1091	0.3
1092	0.74
1093	0.42
1094	0.2
1095	0.89
1096	0.3
1097	0.75
1098	0.11
1099	0.48
1100	0.36
1101	0.45
1102	0.57
1103	0.37
1104	1.06
1105	0.32
1106	0.21
1107	0.47
1108	0.08
1109	0.72
1110	0.33
1111	0.27
1112	0.88
1113	0.37
1114	0.81
1115	0.33
1116	1.02
1117	0.22
1118	0.79
1119	0.22
1120	0.49
1121	0.61
1122	0.52
1123	0.65
1124	0.63
1125	0.68
1126	0.49
1127	0.7
1128	0.75
1129	0.06
1130	0.51
1131	0.64
1132	0.31
1133	1.07
1134	0.67
1135	0.59
1136	0.85
1137	0.65
1138	0.65
1139	0.42
1140	0.43
1141	0.0
1142	0.41
1143	0.75
1144	0.01
1145	0.25
1146	0.28
1147	0.61
1148	0.24
1149	0.39
1150	0.75
1151	0.52
1152	0.39
1153	0.92
1154	0.38
1155	0.32
1156	0.41
1157	0.47
1158	0.69
1159	0.19
1160	0.27
1161	0.43
1162	0.56
1163	0.91
1164	0.57
1165	0.63
1166	0.66
1167	0.52
1168	0.72
1169	0.58
1170	0.41
1171	0.56
1172	0.25
1173	0.43
1174	0.37
1175	1.02
1176	0.39
1177	0.54
1178	0.43
1179	0.2
1180	0.64
1181	0.6
1182	1.06
1183	0.54
1184	0.28
1185	0.63
1186	0.46
1187	0.8
1188	0.96
1189	0.56
1190	0.71
1191	0.14
1192	0.48
1193	0.19
1194	0.73
1195	0.6
1196	0.32
1197	0.67
1198	0.44
1199	0.39
1200	0.55
1201	0.93
1202	0.47
1203	0.24
1204	0.42
1205	0.22
1206	0.86
1207	0.41
1208	0.57
1209	0.43
1210	0.18
1211	0.42
1212	0.39
1213	0.45
1214	0.45
1215	0.58
1216	0.24
1217	0.62
1218	0.31
1219	0.81
1220	0.5
1221	0.59
1222	0.53
1223	0.55
1224	0.44
1225	0.21
1226	0.18
1227	0.85
1228	0.01
1229	0.41
1230	0.35
1231	0.25
1232	0.24
1233	0.44
1234	0.08
1235	0.85
1236	0.28
1237	0.44
1238	0.74
1239	0.6
1240	0.78
1241	0.65
1242	0.28
1243	0.65
1244	0.62
1245	0.58
1246	0.53
1247	0.28
1248	0.15
1249	0.87
1250	0.44
1251	0.27
1252	0.67
1253	0.63
1254	0.69
1255	0.03
1256	0.56
1257	0.37
1258	0.29
1259	0.33
1260	0.61
1261	0.67
1262	0.86
1263	0.62
1264	0.1
1265	0.47
1266	0.16
1267	0.18
1268	0.58
1269	0.85
1270	0.81
1271	0.43
1272	0.79
1273	0.19
1274	0.59
1275	0.55
1276	0.7
1277	0.37
1278	1.04
1279	0.35
1280	0.71
1281	0.63
1282	0.3
1283	0.67
1284	1.16
1285	0.48
1286	0.79
1287	0.26
1288	0.28
1289	0.23
1290	0.91
1291	0.1
1292	0.74
1293	0.6
1294	0.54
1295	0.3
1296	0.25
1297	1.14
1298	0.87
1299	0.1
1300	0.45
1301	0.61
1302	0.97
1303	0.15
1304	0.49
1305	0.67
1306	0.11
1307	0.6
1308	0.49
1309	0.24
1310	0.39
1311	0.76
1312	0.52
1313	0.24
1314	1.05
1315	0.28
1316	0.13
1317	0.39
1318	0.2
1319	0.62
1320	0.82
1321	0.69
1322	0.44
1323	0.9
1324	1.24
1325	0.28
1326	0.65
1327	0.9
1328	0.62
1329	0.75
1330	0.58
1331	0.84
1332	0.41
1333	0.82
1334	0.73
1335	0.51
1336	0.63
1337	0.66
1338	0.78
1339	0.14
1340	0.88
1341	0.27
1342	0.53
1343	0.56
1344	0.42
1345	0.72
1346	0.84
1347	0.07
1348	0.43
1349	0.77
1350	0.16
1351	0.58
1352	1.01
1353	0.55
1354	0.81
1355	0.67
1356	0.1
1357	1.01
1358	0.59
1359	0.11
1360	0.42
1361	0.72
1362	0.29
1363	0.97
1364	0.77
1365	0.48
1366	0.58
1367	0.38
1368	0.25
1369	0.28
1370	0.59
1371	0.37
1372	0.37
1373	0.63
1374	0.27
1375	0.75
1376	0.29
1377	0.28
1378	0.59
1379	0.42
1380	0.63
1381	0.78
1382	0.47
1383	0.61
1384	0.61
1385	0.51
1386	0.6
1387	0.07
1388	0.42
1389	0.65
1390	0.38
1391	0.53
1392	0.88
1393	0.54
1394	0.42
1395	0.42
1396	0.18
1397	0.63
1398	0.76
1399	0.68
1400	0.69
1401	0.69
1402	0.07
1403	1.09
1404	0.25
1405	0.24
1406	0.43
1407	0.68
1408	1.09
1409	0.98
1410	0.42
1411	0.34
1412	0.68
1413	0.9
1414	0.75
1415	0.47
1416	0.83
1417	0.82
1418	0.67
1419	0.07
1420	0.45
1421	0.67
1422	0.74
1423	0.57
1424	1.0
1425	0.2
1426	0.16
1427	0.76
1428	0.93
1429	0.61
1430	0.4
1431	0.7
1432	0.3
1433	0.62
1434	0.32
1435	0.2
1436	0.81
1437	0.61
1438	0.64
1439	0.15
1440	0.38
1441	0.47
1442	1.0
1443	0.41
1444	0.53
1445	0.8
1446	0.68
1447	0.25
1448	0.32
1449	0.26
1450	0.74
1451	0.29
1452	0.83
1453	0.59
1454	0.56
1455	0.42
1456	0.48
1457	0.69
1458	0.65
1459	0.75
1460	0.43
1461	0.69
1462	0.32
1463	0.55
1464	1.48
1465	0.29
1466	0.53
1467	0.7
1468	0.35
1469	0.17
1470	0.22
1471	0.19
1472	1.13
1473	1.05
1474	0.93
1475	1.25
1476	0.44
1477	0.62
1478	0.45
1479	0.62
1480	0.09
1481	0.29
1482	0.58
1483	0.61
1484	0.43
1485	0.43
1486	0.53
1487	0.82
1488	0.08
1489	0.66
1490	0.34
1491	1.23
1492	0.32
1493	0.69
1494	0.31
1495	0.4
1496	0.04
1497	0.27
1498	0.3
1499	0.14
1500	0.51
1501	0.42
1502	0.41
1503	0.27
1504	0.22
1505	0.28
1506	0.17
1507	0.51
1508	0.36
1509	0.86
1510	0.73
1511	0.09
1512	0.8
1513	0.74
1514	0.6
1515	0.21
1516	0.32
1517	0.83
1518	0.29
1519	0.09
1520	0.55
1521	0.35
1522	0.36
1523	0.51
1524	0.22
1525	0.5
1526	0.95
1527	0.32
1528	0.42
1529	1.05
1530	0.98
1531	0.56
1532	0.56
1533	0.23
1534	0.28
1535	0.46
1536	0.4
1537	0.96
1538	0.92
1539	0.6
1540	0.43
1541	0.9
1542	0.32
1543	0.4
1544	0.59
1545	0.34
1546	0.62
1547	0.4
1548	0.33
1549	0.04
1550	0.27
1551	0.43
1552	0.6
1553	0.49
1554	0.93
1555	0.22
1556	0.77
1557	0.83
1558	0.81
1559	0.48
1560	0.33
1561	0.15
1562	0.71
1563	0.01
1564	0.76
1565	0.16
1566	0.11
1567	0.62
1568	0.17
1569	0.19
1570	0.44
1571	0.54
1572	0.61
1573	0.61
1574	0.22
1575	0.27
1576	0.61
1577	0.88
1578	1.03
1579	0.42
1580	0.48
1581	0.36
1582	0.07
1583	0.43
1584	0.57
1585	0.4
1586	0.78
1587	0.19
1588	0.7
1589	0.23
1590	0.53
1591	0.95
1592	0.21
1593	0.76
1594	0.75
1595	1.0
1596	0.43
1597	1.27
1598	0.53
1599	0.52
1600	0.07
1601	0.88
1602	0.32
1603	0.15
1604	0.37
1605	0.57
1606	0.63
1607	0.61
1608	0.48
1609	0.47
1610	0.13
1611	0.12
1612	0.49
1613	0.88
1614	0.6
1615	0.31
1616	0.42
1617	0.86
1618	0.87
1619	0.71
1620	0.54
1621	0.68
1622	0.94
1623	0.36
1624	0.41
1625	0.69
1626	1.06
1627	0.65
1628	0.72
1629	0.32
1630	0.39
1631	0.42
1632	0.21
1633	1.04
1634	0.36
1635	0.02
1636	0.64
1637	0.96
1638	0.55
1639	0.55
1640	0.53
1641	0.13
1642	0.48
1643	0.15
1644	0.85
1645	0.61
1646	1.15
1647	0.5
1648	0.51
1649	1.31
1650	0.34
1651	0.54
1652	0.73
1653	0.64
1654	0.49
1655	0.94
1656	0.82
1657	0.14
1658	0.19
1659	0.25
1660	0.58
1661	0.36
1662	0.63
1663	0.56
1664	0.57
1665	1.07
1666	0.62
1667	0.73
1668	0.42
1669	0.54
1670	0.59
1671	0.52
1672	0.29
1673	0.77
1674	0.97
1675	0.57
1676	0.47
1677	0.02
1678	0.7
1679	0.56
1680	0.48
1681	0.45
1682	0.45
1683	0.6
1684	0.25
1685	0.35
1686	0.8
1687	0.76
1688	0.75
1689	0.43
1690	0.37
1691	0.44
1692	0.14
1693	0.39
1694	1.02
1695	0.42
1696	0.72
1697	0.74
1698	0.48
1699	0.17
1700	0.11
1701	0.83
1702	0.22
1703	0.87
1704	0.48
1705	0.48
1706	0.3
1707	0.17
1708	0.31
1709	0.61
1710	0.28
1711	0.63
1712	0.89
1713	0.2
1714	0.25
1715	0.25
1716	0.33
1717	0.64
1718	0.16
1719	0.71
1720	0.96
1721	0.99
1722	0.39
1723	0.74
1724	0.45
1725	0.57
1726	0.68
1727	0.53
1728	0.22
1729	0.52
1730	0.88
1731	0.44
1732	0.42
1733	0.67
1734	0.85
1735	1.0
1736	0.89
1737	0.26
1738	0.59
1739	0.6
1740	0.73
1741	0.07
1742	0.69
1743	0.17
1744	0.46
1745	0.48
1746	0.41
1747	0.46
1748	0.43
1749	0.04
1750	0.6
1751	0.78
1752	0.44
1753	0.47
1754	0.48
1755	0.86
1756	0.4
1757	0.04
1758	0.2
1759	0.49
1760	0.1
1761	0.91
1762	0.65
1763	0.22
1764	0.21
1765	0.53
1766	0.52
1767	0.34
1768	0.37
1769	0.86
1770	0.32
1771	0.06
1772	0.57
1773	0.84
1774	0.51
1775	0.84
1776	0.34
1777	0.56
1778	0.91
1779	0.5
1780	0.24
1781	0.92
1782	0.76
1783	0.83
1784	0.06
1785	0.61
1786	0.27
1787	0.81
1788	0.63
1789	0.86
1790	0.76
1791	0.6
1792	0.05
1793	0.44
1794	0.8
1795	0.41
1796	0.65
1797	0.75
1798	1.06
1799	0.53
1800	0.63
1801	0.67
1802	0.95
1803	0.38
1804	0.3
1805	0.49
1806	0.34
1807	0.97
1808	0.6
1809	0.84
1810	0.38
1811	0.19
1812	0.13
1813	0.0
1814	0.34
1815	0.46
1816	0.49
1817	0.16
1818	0.64
1819	1.11
1820	0.06
1821	0.64
1822	0.41
1823	0.22
1824	0.05
1825	0.28
1826	0.65
1827	0.57
1828	0.36
1829	0.21
1830	0.47
1831	0.75
1832	0.93
1833	0.21
1834	0.6
1835	0.62
1836	0.68
1837	0.25
1838	0.86
1839	0.6
1840	0.63
1841	0.53
1842	0.55
1843	0.74
1844	0.96
1845	0.62
1846	0.56
1847	0.61
1848	0.3
1849	0.64
1850	0.28
1851	0.77
1852	0.72
1853	0.3
1854	0.74
1855	0.83
1856	0.47
1857	0.59
1858	1.03
1859	0.6
1860	0.34
1861	0.29
1862	0.51
1863	0.46
1864	0.99
1865	0.68
1866	0.56
1867	1.03
1868	0.8
1869	0.71
1870	0.13
1871	0.18
1872	0.6
1873	0.67
1874	0.56
1875	0.64
1876	0.35
1877	0.46
1878	0.05
1879	0.32
1880	0.7
1881	0.45
1882	0.56
1883	0.73
1884	0.43
1885	0.61
1886	0.5
1887	0.53
1888	0.54
1889	0.53
1890	0.06
1891	0.53
1892	0.71
1893	0.68
1894	1.0
1895	0.82
1896	0.75
1897	0.69
1898	0.26
1899	0.65
1900	0.74
1901	0.39
1902	0.62
1903	0.5
1904	0.63
1905	0.02
1906	0.6
1907	0.84
1908	0.34
1909	0.57
1910	0.38
1911	0.21
1912	0.5
1913	0.63
1914	0.54
1915	0.78
1916	0.05
1917	0.68
1918	0.52
1919	0.96
1920	0.5
1921	0.4
1922	0.66
1923	0.71
1924	0.12
1925	0.55
1926	0.46
1927	0.15
1928	0.22
1929	0.31
1930	0.09
1931	0.09
1932	0.82
1933	0.75
1934	0.51
1935	1.02
1936	0.25
1937	0.42
1938	0.72
1939	0.65
1940	0.47
1941	0.86
1942	0.67
1943	0.23
1944	0.45
1945	0.42
1946	0.55
1947	0.33
1948	0.29
1949	0.47
1950	0.5
1951	1.17
1952	0.3
1953	0.2
1954	0.52
1955	0.65
1956	0.87
1957	0.5
1958	0.5
1959	0.77
1960	0.84
1961	0.53
1962	0.75
1963	0.69
1964	0.61
1965	0.4
1966	0.4
1967	0.41
1968	0.56
1969	0.32
1970	0.78
1971	0.42
1972	0.3
1973	0.61
1974	0.08
1975	0.39
1976	0.31
1977	0.68
1978	0.65
1979	0.35
1980	0.3
1981	0.9
1982	0.55
1983	0.41
1984	0.45
1985	0.55
1986	0.32
1987	1.17
1988	0.29
1989	0.17
1990	0.79
1991	0.56
1992	0.97
1993	0.44
1994	0.23
1995	0.52
1996	0.06
1997	0.44
1998	0.49
1999	0.44
2000	0.36
2001	0.52
2002	0.11
2003	0.47
2004	0.77
2005	0.2
2006	0.51
2007	0.51
2008	0.51
2009	0.55
2010	1.02
2011	0.23
2012	0.42
2013	0.31
2014	0.33
2015	0.97
2016	0.79
2017	0.41
2018	1.05
2019	0.37
2020	0.72
2021	0.63
2022	0.77
2023	0.47
2024	0.71
2025	0.6
2026	0.82
2027	0.61
2028	0.56
2029	0.26
2030	0.02
2031	0.43
2032	0.63
2033	0.37
2034	0.69
2035	0.29
2036	0.43
2037	0.42
2038	0.46
2039	0.05
2040	0.25
2041	0.16
2042	0.51
2043	0.15
2044	0.14
2045	0.1
2046	0.87
2047	0.61
2048	0.69
2049	0.57
2050	0.79
2051	0.3
2052	0.19
2053	0.31
2054	1.04
2055	0.52
2056	0.42
2057	0.52
2058	0.44
2059	0.95
2060	0.05
2061	0.86
2062	0.49
2063	0.09
2064	0.84
2065	0.7
2066	0.63
2067	0.53
2068	0.63
2069	0.69
2070	0.62
2071	0.78
2072	0.24
2073	0.37
2074	0.53
2075	0.63
2076	0.66
2077	0.4
2078	0.52
2079	0.59
2080	0.31
2081	0.52
2082	0.2
2083	0.71
2084	0.12
2085	0.86
2086	0.77
2087	0.96
2088	0.4
2089	0.53
2090	0.12
2091	0.06
2092	0.93
2093	0.89
2094	0.59
2095	0.85
2096	0.04
2097	0.69
2098	0.35
2099	0.45
2100	0.44
2101	1.06
2102	0.5
2103	1.31
2104	0.41
2105	0.05
2106	0.83
2107	0.24
2108	0.5
2109	0.45
2110	0.34
2111	0.2
2112	0.51
2113	0.64
2114	0.61
2115	0.72
2116	1.05
2117	0.22
2118	0.17
2119	0.18
2120	0.12
2121	0.32
2122	0.31
2123	0.63
2124	0.46
2125	0.49
2126	0.63
2127	0.44
2128	1.34
2129	0.24
2130	0.42
2131	0.4
2132	0.74
2133	0.28
2134	0.76
2135	0.77
2136	0.87
2137	0.27
2138	0.47
2139	0.08
2140	0.98
2141	0.17
2142	0.47
2143	0.03
2144	0.83
2145	0.06
2146	0.17
2147	0.45
2148	0.79
2149	0.41
2150	0.42
2151	0.7
2152	0.66
2153	0.33
2154	0.27
2155	0.78
2156	0.42
2157	0.76
2158	0.09
2159	0.16
2160	0.51
2161	0.52
2162	0.82
2163	0.49
2164	0.62
2165	0.27
2166	0.42
2167	0.17
2168	1.35
2169	0.74
2170	0.36
2171	0.73
2172	0.46
2173	0.2
2174	0.84
2175	0.84
2176	0.88
2177	0.45
2178	0.56
2179	1.24
2180	0.15
2181	0.63
2182	0.12
2183	0.62
2184	0.9
2185	0.98
2186	0.44
2187	0.77
2188	0.67
2189	0.61
2190	0.09
2191	0.89
2192	0.34
2193	0.17
2194	0.34
2195	0.56
2196	0.28
2197	0.91
2198	0.96
2199	0.27
2200	1.06
2201	0.7
2202	0.6
2203	0.68
2204	0.37
2205	0.66
2206	0.79
2207	0.36
2208	0.51
2209	0.04
2210	0.45
2211	0.69
2212	0.89
2213	0.17
2214	0.58
2215	0.44
2216	0.38
2217	0.07
2218	0.72
2219	0.72
2220	0.98
2221	0.29
2222	0.43
2223	0.21
2224	0.49
2225	0.47
2226	0.69
2227	0.31
2228	0.59
2229	0.52
2230	0.33
2231	0.41
2232	0.48
2233	0.69
2234	0.18
2235	0.19
2236	0.6
2237	0.22
2238	0.71
2239	0.25
2240	0.93
2241	0.27
2242	0.44
2243	0.66
2244	0.34
2245	0.16
2246	0.18
2247	0.71
2248	0.31
2249	0.63
2250	0.2
2251	0.54
2252	0.5
2253	0.27
2254	0.64
2255	0.19
2256	1.0
2257	0.3
2258	0.4
2259	0.08
2260	0.17
2261	0.86
2262	0.26
2263	0.49
2264	0.23
2265	0.58
2266	0.32
2267	0.61
2268	0.46
2269	0.87
2270	0.48
2271	0.56
2272	0.57
2273	0.34
2274	0.14
2275	0.27
2276	0.95
2277	0.92
2278	0.62
2279	0.03
2280	0.4
2281	0.52
2282	1.12
2283	0.69
2284	0.53
2285	0.5
2286	0.86
2287	0.38
2288	0.37
2289	0.31
2290	0.46
2291	0.34
2292	0.36
2293	0.83
2294	0.97
2295	1.34
2296	0.33
2297	0.64
2298	0.34
2299	0.44
2300	0.64
2301	0.66
2302	0.01
2303	0.93
2304	1.0
2305	0.42
2306	0.28
2307	0.47
2308	0.8
2309	0.34
2310	0.75
2311	0.15
2312	0.35
2313	0.15
2314	0.64
2315	0.69
2316	0.81
2317	0.72
2318	0.61
2319	0.42
2320	0.66
2321	0.01
2322	0.55
2323	0.69
2324	0.48
2325	0.24
2326	0.53
2327	0.77
2328	0.4
2329	0.56
2330	0.55
2331	0.25
2332	0.26
2333	0.81
2334	0.09
2335	0.54
2336	0.5
2337	0.67
2338	0.97
2339	0.65
2340	0.42
2341	0.15
2342	0.41
2343	0.23
2344	0.16
2345	0.35
2346	0.16
2347	0.26
2348	0.65
2349	0.41
2350	0.29
2351	0.32
2352	0.53
2353	0.73
2354	0.3
2355	0.08
2356	0.67
2357	0.76
2358	0.57
2359	0.66
2360	0.38
2361	0.43
2362	0.45
2363	0.48
2364	0.35
2365	0.64
2366	0.42
2367	0.01
2368	0.83
2369	0.25
2370	0.43
2371	0.67
2372	0.25
2373	0.4
2374	0.8
2375	0.48
2376	0.05
2377	0.97
2378	0.48
2379	0.93
2380	0.63
2381	0.35
2382	0.39
2383	0.57
2384	0.56
2385	0.45
2386	1.21
2387	0.17
2388	0.7
2389	0.1
2390	0.47
2391	1.04
2392	0.55
2393	0.45
2394	0.59
2395	0.78
2396	0.4
2397	0.56
2398	0.82
2399	0.2
2400	1.28
2401	0.2
2402	0.65
2403	1.06
2404	0.51
2405	0.36
2406	0.3
2407	0.22
2408	0.43
2409	0.25
2410	0.26
2411	0.4
2412	1.02
2413	0.43
2414	0.16
2415	0.1
2416	0.11
2417	0.07
2418	1.0
2419	0.44
2420	0.22
2421	0.44
2422	0.13
2423	0.17
2424	0.67
2425	0.2
2426	0.58
2427	0.23
2428	0.32
2429	0.47
2430	0.47
2431	0.29
2432	0.83
2433	0.9
2434	0.39
2435	0.58
2436	0.25
2437	0.31
2438	1.28
2439	0.69
2440	0.11
2441	0.58
2442	0.43
2443	0.64
2444	0.47
2445	0.67
2446	0.34
2447	0.15
2448	0.26
2449	0.4
2450	0.5
2451	0.12
2452	0.73
2453	0.17
2454	1.03
2455	0.02
2456	0.43
2457	0.82
2458	0.31
2459	0.51
2460	0.31
2461	0.11
2462	0.75
2463	0.83
2464	0.76
2465	0.01
2466	0.35
2467	0.81
2468	0.43
2469	0.49
2470	0.78
2471	0.46
2472	0.21
2473	0.53
2474	0.73
2475	0.57
2476	0.15
2477	0.52
2478	0.72
2479	0.77
2480	0.37
2481	0.61
2482	0.27
2483	0.96
2484	0.54
2485	0.35
2486	0.44
2487	0.58
2488	0.11
2489	0.13
2490	0.62
2491	0.47
2492	0.12
2493	0.34
2494	0.2
2495	0.28
2496	0.39
2497	0.5
2498	0.39
2499	0.89
2500	0.58
2501	1.05
2502	0.72
2503	0.48
2504	0.67
2505	0.51
2506	0.64
2507	0.89
2508	0.35
2509	0.78
2510	1.01
2511	0.49
2512	1.03
2513	0.51
2514	0.86
2515	0.32
2516	0.67
2517	0.25
2518	0.69
2519	0.48
2520	0.71
2521	0.19
2522	0.89
2523	0.83
2524	0.58
2525	0.24
2526	0.56
2527	0.56
2528	0.63
2529	0.9
2530	0.14
2531	0.25
2532	0.53
2533	0.54
2534	0.79
2535	0.71
2536	0.71
2537	0.3
2538	0.75
2539	0.22
2540	0.45
2541	0.28
2542	0.39
2543	0.62
2544	0.55
2545	0.76
2546	0.34
2547	0.55
2548	0.27
2549	0.7
2550	0.47
2551	0.71
2552	0.05
2553	0.84
2554	0.46
2555	0.44
2556	0.23
2557	0.21
2558	0.64
2559	0.33
2560	0.26
2561	1.0
2562	0.79
2563	0.49
2564	0.26
2565	0.54
2566	0.8
2567	0.35
2568	0.65
2569	0.83
2570	0.42
2571	0.46
2572	0.51
2573	0.31
2574	0.49
2575	0.67
2576	0.34
2577	0.05
2578	0.57
2579	0.54
2580	0.75
2581	0.75
2582	0.21
2583	0.65
2584	0.29
2585	0.76
2586	0.42
2587	0.11
2588	0.39
2589	0.73
2590	0.63
2591	0.94
2592	0.73
2593	0.46
2594	0.38
2595	0.34
2596	0.45
2597	0.81
2598	0.27
2599	0.5
2600	0.24
2601	0.15
2602	0.0
2603	0.43
2604	0.21
2605	0.55
2606	0.16
2607	0.93
2608	0.07
2609	0.78
2610	1.11
2611	0.64
2612	0.57
2613	1.1
2614	0.34
2615	0.24
2616	0.01
2617	0.21
2618	0.6
2619	0.82
2620	0.62
2621	0.54
2622	1.04
2623	0.56
2624	0.66
2625	0.35
2626	1.0
2627	0.68
2628	0.94
2629	0.15
2630	0.87
2631	0.66
2632	0.05
2633	1.21
2634	0.86
2635	0.38
2636	0.46
2637	0.58
2638	0.13
2639	0.28
2640	0.28
2641	0.47
2642	0.42
2643	0.35
2644	0.93
2645	0.45
2646	0.17
2647	0.08
2648	0.28
2649	0.54
2650	0.43
2651	0.42
2652	0.04
2653	0.32
2654	0.29
2655	0.68
2656	0.92
2657	0.69
2658	0.33
2659	0.34
2660	0.29
2661	0.57
2662	0.4
2663	0.4
2664	1.06
2665	0.66
2666	0.17
2667	0.35
2668	0.34
2669	0.43
2670	0.59
2671	0.51
2672	0.22
2673	0.77
2674	0.57
2675	0.48
2676	0.53
2677	0.28
2678	0.92
2679	0.75
2680	0.33
2681	0.63
2682	0.8
2683	0.29
2684	0.31
2685	0.84
2686	0.13
2687	0.05
2688	0.49
2689	0.27
2690	0.54
2691	0.23
2692	0.04
2693	0.1
2694	0.33
2695	0.46
2696	0.5
2697	0.41
2698	0.76
2699	0.31
2700	0.37
2701	0.33
2702	0.41
2703	0.51
2704	0.64
2705	0.43
2706	0.55
2707	0.56
2708	0.34
2709	0.49
2710	0.25
2711	0.5
2712	0.17
2713	0.42
2714	0.32
2715	0.91
2716	0.28
2717	0.58
2718	0.19
2719	0.92
2720	1.02
2721	0.86
2722	0.07
2723	0.74
2724	0.31
2725	0.2
2726	1.08
2727	0.3
2728	0.81
2729	0.13
2730	0.06
2731	0.41
2732	0.32
2733	1.13
2734	0.2
2735	0.88
2736	0.06
2737	0.7
2738	0.04
2739	0.72
2740	0.42
2741	0.55
2742	0.18
2743	0.44
2744	0.68
2745	0.55
2746	0.64
2747	0.16
2748	0.01
2749	0.46
2750	0.5
2751	0.4
2752	0.8
2753	0.65
2754	0.82
2755	0.03
2756	0.61
2757	0.4
2758	0.22
2759	0.9
2760	0.8
2761	1.07
2762	0.61
2763	0.39
2764	0.48
2765	0.1
2766	0.52
2767	0.18
2768	0.72
2769	0.55
2770	0.55
2771	0.43
2772	0.68
2773	0.73
2774	0.63
2775	0.43
2776	0.66
2777	0.72
2778	0.19
2779	0.64
2780	0.83
2781	0.53
2782	0.28
2783	0.53
2784	0.33
2785	0.44
2786	0.22
2787	0.15
2788	0.36
2789	0.46
2790	0.01
2791	0.16
2792	0.54
2793	0.03
2794	0.11
2795	0.14
2796	0.53
2797	0.34
2798	0.8
2799	0.49
2800	0.36
2801	0.54
2802	0.22
2803	0.63
2804	0.61
2805	0.19
2806	0.5
2807	0.52
2808	0.49
2809	0.51
2810	0.83
2811	0.39
2812	0.06
2813	0.29
2814	0.49
2815	0.37
2816	0.72
2817	0.4
2818	0.73
2819	0.16
2820	0.37
2821	0.46
2822	0.96
2823	0.14
2824	0.22
2825	0.35
2826	0.29
2827	0.75
2828	0.31
2829	0.71
2830	0.38
2831	0.59
2832	0.67
2833	0.68
2834	0.53
2835	0.51
2836	0.23
2837	0.36
2838	0.44
2839	0.79
2840	0.35
2841	0.48
2842	0.57
2843	0.11
2844	0.6
2845	0.87
2846	0.75
2847	0.67
2848	0.3
2849	0.73
2850	0.61
2851	0.79
2852	0.36
2853	0.35
2854	0.15
2855	0.55
2856	0.66
2857	0.23
2858	0.46
2859	0.52
2860	0.36
2861	0.43
2862	0.11
2863	0.99
2864	0.23
2865	0.7
2866	0.37
2867	0.31
2868	0.4
2869	0.58
2870	0.32
2871	0.11
2872	0.93
2873	0.45
2874	0.75
2875	0.44
2876	0.3
2877	0.23
2878	0.32
2879	0.41
2880	0.54
2881	0.55
2882	0.44
2883	0.28
2884	0.34
2885	0.12
2886	0.33
2887	0.56
2888	0.28
2889	0.57
2890	0.0
2891	0.41
2892	0.74
2893	0.87
2894	0.71
2895	0.64
2896	0.16
2897	0.31
2898	0.61
2899	0.71
2900	0.3
2901	0.33
2902	0.2
2903	0.63
2904	0.66
2905	0.54
2906	0.53
2907	0.69
2908	0.59
2909	0.16
2910	0.35
2911	0.23
2912	0.45
2913	0.51
2914	0.56
2915	0.81
2916	0.85
2917	0.22
2918	0.65
2919	0.56
2920	0.54
2921	0.5
2922	0.59
2923	0.8
2924	0.38
2925	0.43
2926	0.47
2927	0.72
2928	0.55
2929	0.41
2930	0.22
2931	0.27
2932	0.54
2933	0.49
2934	0.11
2935	0.52
2936	0.11
2937	0.3
2938	0.66
2939	0.31
2940	0.78
2941	1.16
2942	0.03
2943	0.64
2944	0.11
2945	0.18
2946	0.82
2947	0.36
2948	0.47
2949	0.29
2950	0.17
2951	0.4
2952	0.08
2953	0.24
2954	0.35
2955	0.81
2956	0.34
2957	0.37
2958	0.43
2959	0.32
2960	0.54
2961	0.46
2962	0.27
2963	0.13
2964	0.28
2965	0.31
2966	0.28
2967	0.02
2968	0.32
2969	0.6
2970	0.13
2971	0.82
2972	0.71
2973	0.31
2974	0.31
2975	0.36
2976	0.55
2977	0.32
2978	0.13
2979	0.83
2980	0.42
2981	0.55
2982	0.45
2983	0.23
2984	0.64
2985	0.79
2986	0.56
2987	0.19
2988	0.55
2989	0.88
2990	0.83
2991	0.92
2992	0.4
2993	0.91
2994	0.79
2995	0.68
2996	0.33
2997	0.77
2998	0.63
2999	0.55
3000	0.7
3001	0.33
3002	0.65
3003	0.61
3004	0.62
3005	0.61
3006	0.32
3007	0.2
3008	0.15
3009	0.72
3010	0.67
3011	0.09
3012	0.59
3013	0.3
3014	0.48
3015	0.47
3016	0.46
3017	0.3
3018	0.86
3019	0.36
3020	0.1
3021	0.71
3022	0.33
3023	0.14
3024	0.49
3025	0.54
3026	0.67
3027	0.24
3028	0.89
3029	0.24
3030	0.21
3031	0.59
3032	0.44
3033	0.88
3034	0.5
3035	0.21
3036	0.49
3037	0.8
3038	1.05
3039	0.19
3040	0.46
3041	0.55
3042	0.52
3043	0.82
3044	0.31
3045	0.0
3046	0.46
3047	0.98
3048	0.08
3049	0.43
3050	0.83
3051	0.15
3052	0.42
3053	0.97
3054	0.27
3055	0.75
3056	0.87
3057	0.45
3058	0.49
3059	0.38
3060	1.21
3061	0.01
3062	0.26
3063	0.49
3064	0.35
3065	0.51
3066	0.82
3067	0.46
3068	0.87
3069	0.82
3070	0.6
3071	0.64
3072	0.36
3073	0.27
3074	0.51
3075	0.96
3076	0.42
3077	0.6
3078	0.31
3079	0.67
3080	0.59
3081	0.13
3082	1.02
3083	0.41
3084	0.44
3085	0.61
3086	0.74
3087	0.66
3088	0.74
3089	1.04
3090	0.41
3091	0.76
3092	0.1
3093	0.34
3094	0.39
3095	0.25
3096	0.7
3097	0.62
3098	0.51
3099	0.44
3100	0.47
3101	0.08
3102	0.75
3103	0.51
3104	0.32
3105	0.44
3106	0.27
3107	0.6
3108	0.64
3109	0.31
3110	0.44
3111	0.87
3112	0.4
3113	0.41
3114	0.31
3115	0.58
3116	0.71
3117	0.57
3118	0.24
3119	0.49
3120	0.68
3121	0.42
3122	0.12
3123	0.27
3124	0.4
3125	0.74
3126	0.58
3127	0.29
3128	1.11
3129	0.21
3130	0.3
3131	0.37
3132	1.24
3133	0.46
3134	0.5
3135	1.03
3136	0.3
3137	0.47
3138	0.8
3139	0.51
3140	0.52
3141	0.26
3142	1.08
3143	0.74
3144	0.25
3145	0.33
3146	1.13
3147	0.76
3148	0.89
3149	0.99
3150	0.37
3151	0.53
3152	0.63
3153	0.49
3154	0.19
3155	0.8
3156	0.9
3157	1.53
3158	0.43
3159	0.26
3160	0.63
3161	0.88
3162	0.75
3163	0.75
3164	0.46
3165	0.25
3166	0.2
3167	0.32
3168	0.22
3169	0.86
3170	1.16
3171	0.93
3172	0.45
3173	0.18
3174	0.65
3175	0.46
3176	0.54
3177	0.06
3178	0.63
3179	0.49
3180	0.33
3181	0.41
3182	0.46
3183	0.76
3184	0.64
3185	0.9
3186	0.27
3187	0.36
3188	0.5
3189	0.66
3190	0.81
3191	0.73
3192	0.8
3193	0.82
3194	0.43
3195	0.67
3196	0.31
3197	0.77
3198	0.49
3199	0.18
3200	0.53
3201	0.34
3202	0.56
3203	0.1
3204	0.64
3205	0.52
3206	0.47
3207	0.24
3208	0.51
3209	0.22
3210	0.3
3211	0.28
3212	0.2
3213	0.45
3214	0.55
3215	0.4
3216	0.6
3217	0.7
3218	0.87
3219	0.47
3220	0.29
3221	0.58
3222	0.46
3223	0.43
3224	0.77
3225	0.2
3226	0.63
3227	0.4
3228	0.43
3229	0.62
3230	1.0
3231	0.44
3232	0.71
3233	0.1
3234	0.47
3235	0.51
3236	0.67
3237	0.45
3238	0.43
3239	0.38
3240	1.21
3241	0.57
3242	0.64
3243	0.86
3244	0.44
3245	0.47
3246	0.36
3247	0.22
3248	0.56
3249	0.61
3250	0.08
3251	0.79
3252	0.51
3253	0.78
3254	0.56
3255	0.7
3256	1.06
3257	0.15
3258	0.39
3259	0.27
3260	0.72
3261	0.66
3262	0.08
3263	0.33
3264	1.14
3265	0.61
3266	0.67
3267	0.58
3268	0.56
3269	0.88
3270	0.76
3271	0.44
3272	0.39
3273	0.56
3274	0.11
3275	0.45
3276	0.1
3277	0.21
3278	0.38
3279	0.25
3280	0.53
3281	0.35
3282	1.02
3283	0.1
3284	0.67
3285	0.16
3286	0.7
3287	0.38
3288	0.8
3289	0.38
3290	0.66
3291	0.04
3292	0.4
3293	0.88
3294	0.71
3295	0.69
3296	0.42
3297	0.39
3298	0.74
3299	0.44
3300	0.4
3301	1.19
3302	0.42
3303	0.56
3304	0.64
3305	0.4
3306	0.87
3307	0.7
3308	0.57
3309	0.28
3310	0.3
3311	0.93
3312	0.22
3313	0.75
3314	0.08
3315	0.87
3316	0.26
3317	0.86
3318	1.04
3319	0.7
3320	0.46
3321	0.57
3322	0.44
3323	0.29
3324	0.23
3325	0.55
3326	0.13
3327	0.41
3328	0.55
3329	0.07
3330	0.35
3331	0.08
3332	0.34
3333	0.43
3334	0.44
3335	0.89
3336	0.76
3337	0.04
3338	0.53
3339	0.53
3340	0.84
3341	0.39
3342	0.44
3343	0.11
3344	0.28
3345	0.65
3346	0.16
3347	0.46
3348	0.53
3349	0.71
3350	0.72
3351	0.32
3352	0.61
3353	0.48
3354	0.6
3355	0.3
3356	0.38
3357	0.48
3358	0.26
3359	0.82
3360	0.36
3361	0.13
3362	0.67
3363	0.7
3364	0.85
3365	0.32
3366	0.47
3367	0.42
3368	0.33
3369	1.05
3370	0.65
3371	0.38
3372	0.73
3373	0.71
3374	0.25
3375	0.68
3376	0.9
3377	0.49
3378	0.58
3379	0.46
3380	0.24
3381	0.67
3382	0.28
3383	0.63
3384	0.04
3385	0.84
3386	0.61
3387	0.53
3388	0.56
3389	0.81
3390	1.01
3391	0.56
3392	0.26
3393	0.41
3394	0.68
3395	0.72
3396	0.25
3397	0.68
3398	0.62
3399	0.82
3400	0.59
3401	0.63
3402	0.41
3403	0.43
3404	0.02
3405	0.28
3406	0.67
3407	0.65
3408	0.56
3409	0.26
3410	0.43
3411	0.38
3412	0.38
3413	0.95
3414	0.21
3415	0.35
3416	0.39
3417	0.26
3418	0.52
3419	0.44
3420	0.34
3421	0.53
3422	0.81
3423	0.14
3424	0.63
3425	0.5
3426	0.67
3427	0.71
3428	0.73
3429	0.64
3430	0.42
3431	0.4
3432	0.88
3433	0.37
3434	0.67
3435	0.33
3436	0.43
3437	0.45
3438	0.7
3439	1.0
3440	0.7
3441	0.83
3442	0.32
3443	0.72
3444	0.39
3445	0.37
3446	0.54
3447	0.12
3448	0.59
3449	0.52
3450	0.67
3451	0.68
3452	0.22
3453	1.1
3454	0.92
3455	0.34
3456	0.22
3457	0.39
3458	0.11
3459	0.25
3460	0.08
3461	0.25
3462	0.22
3463	0.49
3464	0.34
3465	0.57
3466	0.42
3467	0.32
3468	0.72
3469	0.52
3470	0.35
3471	0.33
3472	0.53
3473	0.64
3474	0.28
3475	0.54
3476	0.66
3477	0.44
3478	0.97
3479	0.13
3480	0.13
3481	0.24
3482	0.43
3483	0.72
3484	0.27
3485	0.56
3486	0.84
3487	0.54
3488	0.68
3489	0.53
3490	0.53
3491	0.96
3492	0.48
3493	0.18
3494	1.2
3495	0.97
3496	0.39
3497	0.42
3498	0.53
3499	1.1
3500	0.47
3501	0.49
3502	0.27
3503	0.39
3504	0.31
3505	0.5
3506	0.38
3507	0.35
3508	0.45
3509	0.34
3510	0.72
3511	0.01
3512	0.14
3513	0.52
3514	0.65
3515	0.49
3516	0.93
3517	0.37
3518	0.76
3519	0.47
3520	0.52
3521	0.62
3522	0.6
3523	0.56
3524	0.63
3525	0.69
3526	1.54
3527	1.18
3528	0.87
3529	0.28
3530	0.43
3531	0.89
3532	0.23
3533	0.14
3534	0.38
3535	0.5
3536	0.81
3537	0.62
3538	0.82
3539	0.46
3540	0.48
3541	1.19
3542	0.35
3543	0.79
3544	0.41
3545	0.35
3546	0.73
3547	1.01
3548	0.77
3549	0.79
3550	0.72
3551	0.21
3552	0.98
3553	1.26
3554	0.22
3555	0.4
3556	0.71
3557	0.43
3558	0.49
3559	0.59
3560	0.9
3561	0.34
3562	0.17
3563	0.95
3564	0.37
3565	0.46
3566	0.06
3567	0.17
3568	0.4
3569	0.1
3570	0.4
3571	0.77
3572	0.29
3573	0.37
3574	0.89
3575	0.5
3576	0.04
3577	0.56
3578	0.3
3579	0.82
3580	0.77
3581	0.27
3582	0.75
3583	0.79
3584	0.48
3585	0.03
3586	0.21
3587	0.67
3588	0.5
3589	0.44
3590	0.69
3591	0.2
3592	0.35
3593	0.93
3594	0.32
3595	0.62
3596	0.5
3597	0.63
3598	0.47
3599	0.64
3600	1.02
3601	0.24
3602	0.57
3603	0.52
3604	0.1
3605	0.34
3606	0.05
3607	0.54
3608	0.31
3609	0.26
3610	0.68
3611	0.51
3612	0.42
3613	0.23
3614	0.48
3615	0.63
3616	0.37
3617	0.46
3618	0.24
3619	0.38
3620	0.28
3621	0.84
3622	0.39
3623	0.34
3624	0.32
3625	0.31
3626	1.39
3627	0.81
3628	0.53
3629	0.65
3630	0.65
3631	0.73
3632	0.8
3633	0.62
3634	0.22
3635	0.2
3636	0.01
3637	0.15
3638	0.46
3639	0.44
3640	0.93
3641	0.71
3642	0.68
3643	0.51
3644	0.6
3645	0.09
3646	0.86
3647	0.76
3648	0.72
3649	0.09
3650	1.17
3651	0.64
3652	0.6
3653	0.39
3654	0.99
3655	0.24
3656	0.65
3657	0.61
3658	0.28
3659	0.28
3660	0.68
3661	0.69
3662	0.91
3663	0.79
3664	0.3
3665	0.13
3666	0.7
3667	0.48
3668	0.53
3669	0.63
3670	0.39
3671	0.96
3672	0.54
3673	1.09
3674	0.4
3675	0.06
3676	0.62
3677	0.55
3678	0.67
3679	0.05
3680	0.65
3681	0.33
3682	0.53
3683	0.62
3684	0.64
3685	0.26
3686	0.38
3687	0.38
3688	1.01
3689	0.69
3690	1.03
3691	0.83
3692	0.56
3693	0.66
3694	0.92
3695	0.47
3696	0.36
3697	0.56
3698	0.24
3699	0.52
3700	0.4
3701	0.14
3702	0.36
3703	0.18
3704	0.32
3705	1.1
3706	0.26
3707	1.06
3708	1.27
3709	0.02
3710	0.46
3711	0.25
3712	0.62
3713	0.36
3714	0.57
3715	0.84
3716	0.58
3717	0.44
3718	0.24
3719	0.27
3720	0.53
3721	0.44
3722	0.66
3723	0.55
3724	0.03
3725	0.77
3726	0.5
3727	0.59
3728	0.64
3729	0.51
3730	0.57
3731	0.51
3732	0.48
3733	0.7
3734	1.38
3735	0.2
3736	0.35
3737	0.49
3738	0.28
3739	0.29
3740	0.12
3741	0.39
3742	0.1
3743	0.48
3744	0.82
3745	0.14
3746	0.7
3747	0.98
3748	0.28
3749	0.65
3750	0.76
3751	0.6
3752	0.48
3753	0.68
3754	0.7
3755	0.31
3756	0.57
3757	0.44
3758	0.21
3759	0.59
3760	0.72
3761	0.48
3762	0.32
3763	0.73
3764	0.46
3765	0.04
3766	0.25
3767	0.48
3768	0.69
3769	0.43
3770	0.39
3771	0.43
3772	0.58
3773	0.56
3774	0.25
3775	0.15
3776	0.55
3777	0.41
3778	0.88
3779	0.46
3780	0.69
3781	0.35
3782	0.46
3783	0.52
3784	0.32
3785	0.79
3786	0.31
3787	0.74
3788	0.3
3789	0.7
3790	0.6
3791	0.06
3792	0.0
3793	1.0
3794	0.54
3795	0.43
3796	0.33
3797	0.49
3798	0.85
3799	0.61
3800	0.08
3801	0.6
3802	0.72
3803	0.64
3804	0.51
3805	0.37
3806	0.55
3807	0.35
3808	0.34
3809	0.57
3810	0.43
3811	0.09
3812	0.85
3813	0.69
3814	0.43
3815	0.49
3816	0.66
3817	0.37
3818	0.4
3819	0.57
3820	0.26
3821	0.34
3822	0.17
3823	0.51
3824	0.77
3825	0.3
3826	0.36
3827	0.68
3828	0.24
3829	0.77
3830	0.07
3831	0.66
3832	0.38
3833	0.64
3834	0.7
3835	1.03
3836	0.63
3837	0.47
3838	0.67
3839	0.75
3840	0.64
3841	0.11
3842	1.18
3843	0.43
3844	0.56
3845	0.38
3846	0.58
3847	0.33
3848	0.29
3849	0.4
3850	0.28
3851	0.85
3852	0.78
3853	0.26
3854	0.33
3855	0.5
3856	0.52
3857	0.59
3858	0.5
3859	0.39
3860	0.5
3861	0.62
3862	0.94
3863	0.73
3864	0.38
3865	0.1
3866	0.13
3867	0.18
3868	0.49
3869	0.84
3870	0.84
3871	0.87
3872	0.8
3873	0.1
3874	0.39
3875	0.94
3876	0.04
3877	0.69
3878	0.62
3879	0.65
3880	0.89
3881	0.53
3882	0.74
3883	0.27
3884	1.04
3885	0.36
3886	0.35
3887	0.75
3888	0.54
3889	0.58
3890	0.68
3891	0.04
3892	0.45
3893	0.54
3894	0.21
3895	0.21
3896	0.03
3897	0.36
3898	0.7
3899	0.63
3900	0.13
3901	0.01
3902	0.63
3903	0.48
3904	0.53
3905	0.73
3906	1.01
3907	0.73
3908	0.1
3909	0.55
3910	0.54
3911	0.5
3912	0.75
3913	0.88
3914	0.47
3915	0.92
3916	0.67
3917	0.65
3918	0.16
3919	1.12
3920	0.42
3921	0.36
3922	0.51
3923	0.16
3924	0.44
3925	0.07
3926	0.15
3927	0.14
3928	0.52
3929	0.58
3930	0.57
3931	0.54
3932	0.39
3933	0.06
3934	0.55
3935	0.57
3936	0.67
3937	0.18
3938	0.23
3939	0.23
3940	0.63
3941	0.63
3942	0.34
3943	0.08
3944	0.23
3945	0.35
3946	0.41
3947	0.36
3948	0.77
3949	0.07
3950	0.66
3951	0.09
3952	0.51
3953	0.63
3954	0.74
3955	0.1
3956	0.79
3957	1.01
3958	0.44
3959	0.45
3960	0.83
3961	0.21
3962	0.78
3963	0.61
3964	0.58
3965	0.21
3966	0.26
3967	0.62
3968	0.01
3969	0.68
3970	1.17
3971	0.26
3972	0.71
3973	0.9
3974	0.37
3975	0.73
3976	0.25
3977	0.56
3978	0.19
3979	0.34
3980	0.77
3981	0.06
3982	0.65
3983	0.72
3984	0.52
3985	0.73
3986	0.03
3987	0.39
3988	0.49
3989	0.34
3990	0.05
3991	0.81
3992	0.14
3993	0.73
3994	0.8
3995	0.29
3996	0.64
3997	0.33
3998	0.14
3999	0.52
4000	1.09
4001	0.58
4002	0.74
4003	0.68
4004	0.41
4005	0.36
4006	0.54
4007	0.15
4008	0.3
4009	0.46
4010	0.18
4011	0.02
4012	0.59
4013	0.28
4014	0.38
4015	0.4
4016	0.05
4017	0.75
4018	0.81
4019	0.92
4020	0.3
4021	0.58
4022	0.72
4023	0.46
4024	0.23
4025	0.86
4026	0.48
4027	0.51
4028	0.63
4029	0.0
4030	0.1
4031	0.35
4032	0.46
4033	0.34
4034	0.14
4035	1.05
4036	0.92
4037	0.48
4038	0.58
4039	0.06
4040	0.84
4041	0.7
4042	0.52
4043	0.66
4044	0.18
4045	0.95
4046	0.02
4047	1.22
4048	0.95
4049	0.53
4050	0.16
4051	0.9
4052	0.12
4053	0.59
4054	0.3
4055	0.16
4056	0.64
4057	0.85
4058	0.98
4059	0.57
4060	0.33
4061	0.85
4062	0.8
4063	0.45
4064	0.12
4065	0.06
4066	0.47
4067	0.2
4068	0.38
4069	0.03
4070	0.46
4071	0.28
4072	1.09
4073	0.02
4074	0.08
4075	0.31
4076	0.58
4077	0.35
4078	0.54
4079	0.92
4080	0.19
4081	0.25
4082	0.67
4083	0.01
4084	0.78
4085	0.53
4086	1.07
4087	0.73
4088	0.43
4089	0.31
4090	0.44
4091	0.14
4092	0.6
4093	0.48
4094	0.8
4095	0.43
4096	0.44
4097	0.39
4098	0.81
4099	0.58
4100	0.35
4101	0.54
4102	0.85
4103	0.03
4104	0.82
4105	0.04
4106	0.92
4107	0.83
4108	0.59
4109	0.38
4110	0.84
4111	0.45
4112	0.34
4113	0.14
4114	0.39
4115	0.54
4116	0.97
4117	0.68
4118	0.52
4119	0.84
4120	0.57
4121	0.84
4122	0.46
4123	0.5
4124	0.18
4125	0.46
4126	0.18
4127	0.23
4128	0.32
4129	0.47
4130	0.5
4131	0.37
4132	0.63
4133	0.33
4134	0.61
4135	0.43
4136	0.31
4137	0.53
4138	0.41
4139	0.21
4140	0.7
4141	0.51
4142	1.14
4143	0.5
4144	0.53
4145	0.47
4146	0.58
4147	0.77
4148	0.83
4149	0.69
4150	0.68
4151	0.33
4152	0.53
4153	0.11
4154	0.42
4155	0.86
4156	0.58
4157	0.3
4158	0.41
4159	0.51
4160	0.28
4161	0.67
4162	0.8
4163	0.83
4164	0.51
4165	0.33
4166	0.43
4167	0.35
4168	0.83
4169	0.88
4170	0.38
4171	0.35
4172	0.22
4173	0.67
4174	0.31
4175	0.8
4176	0.63
4177	0.59
4178	0.2
4179	0.65
4180	0.53
4181	0.22
4182	1.19
4183	0.41
4184	0.24
4185	0.51
4186	0.29
4187	0.1
4188	0.71
4189	0.81
4190	0.39
4191	0.23
4192	0.49
4193	0.58
4194	0.48
4195	0.62
4196	0.42
4197	0.52
4198	0.99
4199	0.91
4200	0.65
4201	1.16
4202	0.57
4203	0.31
4204	0.48
4205	0.56
4206	0.7
4207	0.72
4208	1.2
4209	0.06
4210	0.82
4211	0.89
4212	0.92
4213	0.38
4214	1.04
4215	1.22
4216	0.58
4217	0.76
4218	0.58
4219	0.52
4220	0.82
4221	0.22
4222	0.24
4223	0.4
4224	0.34
4225	0.5
4226	0.38
4227	0.39
4228	0.64
4229	0.35
4230	0.65
4231	0.9
4232	1.25
4233	0.63
4234	0.4
4235	0.17
4236	0.33
4237	1.17
4238	0.76
4239	0.4
4240	0.73
4241	0.88
4242	0.56
4243	0.68
4244	0.19
4245	0.28
4246	0.24
4247	0.32
4248	0.76
4249	0.67
4250	0.29
4251	0.3
4252	0.46
4253	0.22
4254	0.51
4255	0.16
4256	0.31
4257	0.7
4258	1.1
4259	0.46
4260	0.44
4261	1.21
4262	0.74
4263	0.61
4264	0.34
4265	0.41
4266	0.05
4267	0.35
4268	0.61
4269	0.29
4270	0.64
4271	0.48
4272	0.91
4273	0.38
4274	0.67
4275	1.13
4276	0.3
4277	0.42
4278	0.0
4279	0.77
4280	0.93
4281	0.79
4282	0.46
4283	0.49
4284	0.1
4285	0.82
4286	0.62
4287	0.16
4288	0.62
4289	0.69
4290	0.83
4291	0.49
4292	0.36
4293	0.84
4294	0.59
4295	0.43
4296	0.24
4297	0.79
4298	0.53
4299	0.52
4300	0.78
4301	0.58
4302	0.49
4303	0.49
4304	0.18
4305	0.66
4306	0.02
4307	0.08
4308	0.31
4309	0.47
4310	0.56
4311	0.7
4312	0.12
4313	0.1
4314	0.6
4315	0.72
4316	0.58
4317	0.78
4318	0.51
4319	0.29
4320	0.6
4321	0.38
4322	1.02
4323	0.41
4324	0.48
4325	0.29
4326	0.63
4327	0.67
4328	0.54
4329	0.43
4330	0.83
4331	0.9
4332	0.39
4333	0.62
4334	0.72
4335	0.38
4336	0.21
4337	0.31
4338	0.74
4339	0.31
4340	0.51
4341	0.72
4342	0.74
4343	0.16
4344	0.35
4345	0.45
4346	0.44
4347	0.56
4348	0.93
4349	0.81
4350	0.3
4351	0.45
4352	0.83
4353	0.72
4354	0.68
4355	0.39
4356	0.35
4357	0.68
4358	0.74
4359	0.65
4360	0.27
4361	0.05
4362	0.69
4363	0.74
4364	0.88
4365	0.41
4366	1.1
4367	0.98
4368	0.81
4369	0.65
4370	0.53
4371	0.96
4372	0.42
4373	0.32
4374	0.55
4375	0.64
4376	0.4
4377	0.33
4378	0.15
4379	0.95
4380	0.19
4381	0.77
4382	0.54
4383	0.22
4384	0.14
4385	0.53
4386	0.8
4387	0.84
4388	0.21
4389	0.58
4390	0.22
4391	0.1
4392	0.43
4393	0.73
4394	0.09
4395	0.78
4396	0.05
4397	0.27
4398	0.63
4399	1.1
4400	0.77
4401	0.61
4402	0.64
4403	0.71
4404	0.33
4405	0.86
4406	0.28
4407	0.57
4408	0.54
4409	0.67
4410	0.58
4411	0.44
4412	0.78
4413	0.74
4414	0.48
4415	0.36
4416	0.63
4417	0.65
4418	0.64
4419	0.76
4420	0.31
4421	0.27
4422	0.04
4423	0.84
4424	0.35
4425	0.34
4426	0.58
4427	0.83
4428	0.81
4429	0.78
4430	0.27
4431	0.1
4432	0.63
4433	0.4
4434	0.21
4435	0.59
4436	0.67
4437	0.52
4438	0.76
4439	0.36
4440	0.56
4441	0.14
4442	0.03
4443	0.57
4444	0.38
4445	0.47
4446	0.44
4447	0.52
4448	0.33
4449	0.78
4450	0.36
4451	0.45
4452	0.58
4453	0.48
4454	0.7
4455	0.5
4456	0.49
4457	0.38
4458	0.13
4459	0.68
4460	0.92
4461	0.41
4462	0.82
4463	0.3
4464	0.91
4465	1.04
4466	0.95
4467	0.36
4468	0.32
4469	0.86
4470	0.44
4471	0.78
4472	0.43
4473	0.22
4474	0.31
4475	0.47
4476	0.06
4477	0.55
4478	0.54
4479	0.71
4480	0.24
4481	0.5
4482	0.27
4483	0.43
4484	0.09
4485	0.8
4486	0.2
4487	0.37
4488	0.1
4489	1.02
4490	0.86
4491	0.62
4492	0.34
4493	0.2
4494	0.86
4495	0.42
4496	0.37
4497	0.34
4498	0.22
4499	0.36
4500	1.0
4501	0.63
4502	0.32
4503	0.24
4504	0.58
4505	0.41
4506	0.15
4507	0.38
4508	1.05
4509	0.52
4510	0.44
4511	0.58
4512	0.32
4513	0.02
4514	0.71
4515	0.2
4516	0.98
4517	0.27
4518	0.39
4519	0.62
4520	1.19
4521	0.67
4522	0.64
4523	0.35
4524	0.81
4525	0.54
4526	0.38
4527	0.35
4528	0.41
4529	0.37
4530	0.71
4531	0.39
4532	0.56
4533	0.44
4534	0.53
4535	0.47
4536	0.73
4537	0.7
4538	0.5
4539	0.52
4540	1.21
4541	0.56
4542	0.65
4543	0.3
4544	1.08
4545	0.73
4546	0.43
4547	0.49
4548	0.34
4549	0.44
4550	0.54
4551	0.86
4552	0.3
4553	0.07
4554	0.01
4555	0.34
4556	0.63
4557	0.24
4558	1.0
4559	0.23
4560	0.69
4561	0.17
4562	0.22
4563	0.39
4564	0.92
4565	0.49
4566	0.83
4567	0.3
4568	0.53
4569	1.1
4570	1.21
4571	0.54
4572	0.14
4573	0.21
4574	0.51
4575	0.23
4576	0.53
4577	0.55
4578	0.64
4579	0.17
4580	0.51
4581	0.43
4582	0.5
4583	0.17
4584	0.85
4585	0.43
4586	1.04
4587	0.51
4588	0.36
4589	0.14
4590	0.46
4591	0.38
4592	0.38
4593	0.73
4594	0.59
4595	0.43
4596	0.99
4597	0.05
4598	0.26
4599	0.26
4600	0.47
4601	1.01
4602	0.64
4603	0.54
4604	0.45
4605	0.45
4606	0.75
4607	0.37
4608	0.31
4609	0.23
4610	0.65
4611	0.21
4612	0.3
4613	0.85
4614	0.36
4615	0.41
4616	0.57
4617	0.39
4618	0.52
4619	0.81
4620	0.19
4621	0.78
4622	0.35
4623	0.33
4624	1.37
4625	0.46
4626	0.17
4627	0.15
4628	0.28
4629	0.65
4630	0.56
4631	0.89
4632	0.21
4633	0.47
4634	0.07
4635	0.77
4636	1.27
4637	0.23
4638	0.25
4639	0.34
4640	0.42
4641	0.21
4642	0.44
4643	0.31
4644	0.83
4645	0.65
4646	0.72
4647	0.51
4648	0.82
4649	0.5
4650	0.23
4651	0.46
4652	0.55
4653	0.11
4654	0.36
4655	0.13
4656	0.91
4657	0.65
4658	0.25
4659	0.07
4660	0.59
4661	0.37
4662	0.97
4663	0.58
4664	0.52
4665	0.87
4666	0.32
4667	0.92
4668	0.58
4669	0.3
4670	0.71
4671	0.99
4672	0.41
4673	0.87
4674	0.46
4675	0.2
4676	1.01
4677	0.56
4678	0.75
4679	0.87
4680	0.29
4681	0.39
4682	0.58
4683	0.67
4684	0.57
4685	0.7
4686	0.52
4687	0.8
4688	0.34
4689	0.76
4690	0.35
4691	0.38
4692	0.63
4693	0.57
4694	0.29
4695	0.08
4696	0.95
4697	0.68
4698	0.54
4699	0.44
4700	0.16
4701	0.91
4702	0.33
4703	0.21
4704	0.44
4705	0.14
4706	0.61
4707	0.9
4708	1.11
4709	0.79
4710	0.51
4711	0.49
4712	0.89
4713	0.65
4714	0.49
4715	1.0
4716	0.49
4717	0.29
4718	0.3
4719	0.19
4720	0.47
4721	0.86
4722	0.46
4723	0.12
4724	0.72
4725	0.72
4726	0.57
4727	0.57
4728	0.36
4729	0.58
4730	0.68
4731	0.75
4732	0.13
4733	0.48
4734	0.49
4735	0.03
4736	0.67
4737	1.3
4738	0.93
4739	0.82
4740	0.98
4741	0.07
4742	0.38
4743	0.22
4744	0.59
4745	0.72
4746	0.55
4747	0.45
4748	0.9
4749	0.41
4750	0.53
4751	0.3
4752	0.02
4753	0.52
4754	0.25
4755	0.23
4756	0.63
4757	0.63
4758	0.54
4759	0.5
4760	0.48
4761	0.81
4762	0.55
4763	0.27
4764	0.75
4765	0.44
4766	0.27
4767	0.17
4768	0.51
4769	0.31
4770	0.53
4771	0.25
4772	0.59
4773	0.6
4774	0.51
4775	0.41
4776	0.55
4777	0.23
4778	0.73
4779	0.53
4780	0.58
4781	0.81
4782	0.15
4783	0.55
4784	0.6
4785	0.68
4786	0.41
4787	0.14
4788	0.41
4789	0.58
4790	0.31
4791	0.19
4792	0.27
4793	0.19
4794	0.92
4795	0.73
4796	0.53
4797	0.47
4798	0.54
4799	0.9
4800	0.47
4801	0.46
4802	0.87
4803	0.74
4804	0.13
4805	0.27
4806	0.3
4807	0.46
4808	0.52
4809	0.94
4810	0.23
4811	0.75
4812	0.25
4813	0.44
4814	0.12
4815	0.77
4816	0.55
4817	0.47
4818	0.78
4819	0.35
4820	0.58
4821	0.28
4822	0.53
4823	0.33
4824	0.3
4825	0.16
4826	0.27
4827	0.85
4828	0.68
4829	0.46
4830	0.83
4831	0.73
4832	0.6
4833	0.77
4834	0.46
4835	0.07
4836	0.49
4837	0.11
4838	0.55
4839	0.64
4840	0.89
4841	0.25
4842	0.35
4843	0.73
4844	0.38
4845	0.59
4846	0.67
4847	0.62
4848	0.51
4849	0.35
4850	0.08
4851	0.66
4852	0.73
4853	0.48
4854	0.85
4855	0.85
4856	0.44
4857	0.46
4858	0.51
4859	0.01
4860	0.5
4861	0.57
4862	0.84
4863	0.41
4864	0.67
4865	0.79
4866	0.62
4867	0.77
4868	0.31
4869	0.51
4870	0.72
4871	0.33
4872	0.81
4873	0.31
4874	0.73
4875	0.32
4876	0.24
4877	0.3
4878	0.61
4879	0.74
4880	0.52
4881	0.32
4882	0.56
4883	0.08
4884	0.26
4885	0.23
4886	1.07
4887	0.24
4888	0.81
4889	0.53
4890	0.33
4891	0.58
4892	0.42
4893	0.31
4894	0.42
4895	0.45
4896	0.57
4897	0.81
4898	0.26
4899	0.52
4900	0.71
4901	0.27
4902	0.64
4903	0.64
4904	0.63
4905	0.86
4906	0.25
4907	0.47
4908	0.85
4909	0.2
4910	0.49
4911	0.45
4912	0.37
4913	0.73
4914	0.95
4915	0.8
4916	0.78
4917	0.26
4918	0.66
4919	0.48
4920	0.37
4921	0.37
4922	0.4
4923	0.78
4924	0.74
4925	0.6
4926	0.35
4927	0.28
4928	0.48
4929	0.07
4930	0.33
4931	0.58
4932	0.61
4933	0.86
4934	0.36
4935	0.76
4936	0.61
4937	0.85
4938	0.62
4939	0.58
4940	0.64
4941	0.08
4942	0.9
4943	0.06
4944	0.93
4945	0.55
4946	0.26
4947	0.35
4948	0.19
4949	0.37
4950	0.35
4951	0.11
4952	0.2
4953	0.31
4954	1.03
4955	0.44
4956	0.38
4957	0.74
4958	0.67
4959	0.65
4960	0.49
4961	0.29
4962	0.55
4963	0.55
4964	0.34
4965	0.58
4966	0.64
4967	0.67
4968	0.61
4969	0.92
4970	0.45
4971	0.59
4972	0.29
4973	0.48
4974	0.9
4975	0.6
4976	0.59
4977	0.5
4978	0.3
4979	0.2
4980	0.27
4981	0.58
4982	0.27
4983	0.6
4984	0.64
4985	0.62
4986	0.49
4987	0.51
4988	0.78
4989	0.41
4990	0.71
4991	1.12
4992	0.34
4993	0.56
4994	0.49
4995	0.92
4996	0.22
4997	0.67
4998	0.46
4999	0.54
5000	0.74
5001	0.51
5002	0.7
5003	0.48
5004	0.5
5005	0.77
5006	0.16
5007	0.72
5008	0.31
5009	0.33
5010	0.45
5011	0.77
5012	0.27
5013	0.43
5014	0.41
5015	0.51
5016	0.55
5017	0.58
5018	0.83
5019	0.3
5020	0.71
5021	0.73
5022	0.21
5023	0.28
5024	0.85
5025	0.43
5026	0.71
5027	0.67
5028	0.98
5029	0.34
5030	0.74
5031	0.94
5032	0.81
5033	0.68
5034	0.41
5035	0.23
5036	0.17
5037	0.4
5038	0.7
5039	0.25
5040	0.47
5041	0.87
5042	0.33
5043	0.35
5044	0.19
5045	0.79
5046	0.83
5047	0.41
5048	0.89
5049	0.58
5050	0.62
5051	0.43
5052	0.43
5053	0.33
5054	0.14
5055	0.34
5056	0.33
5057	0.87
5058	0.53
5059	0.37
5060	0.88
5061	0.05
5062	0.59
5063	0.25
5064	0.77
5065	0.48
5066	0.59
5067	0.69
5068	0.46
5069	0.46
5070	0.52
5071	0.37
5072	0.67
5073	0.39
5074	0.62
5075	0.43
5076	0.31
5077	0.29
5078	0.78
5079	0.09
5080	0.37
5081	0.63
5082	0.4
5083	0.63
5084	0.88
5085	0.43
5086	0.43
5087	0.74
5088	0.63
5089	0.61
5090	0.5
5091	0.58
5092	0.31
5093	0.26
5094	1.16
5095	0.64
5096	0.18
5097	0.37
5098	0.64
5099	0.4
5100	1.05
5101	0.55
5102	0.76
5103	0.96
5104	0.07
5105	0.77
5106	0.73
5107	0.46
5108	0.31
5109	0.16
5110	0.54
5111	0.24
5112	0.21
5113	0.24
5114	0.27
5115	0.59
5116	0.67
5117	0.72
5118	0.41
5119	0.02
5120	0.68
5121	0.83
5122	0.27
5123	0.77
5124	0.42
5125	0.46
5126	0.9
5127	0.88
5128	0.89
5129	0.4
5130	0.45
5131	0.25
5132	0.31
5133	0.81
5134	0.69
5135	0.48
5136	0.78
5137	0.12
5138	0.59
5139	0.77
5140	0.79
5141	0.5
5142	0.68
5143	0.65
5144	0.27
5145	0.45
5146	0.46
5147	0.53
5148	0.24
5149	0.78
5150	0.7
5151	0.13
5152	0.41
5153	0.22
5154	0.47
5155	0.88
5156	0.23
5157	0.85
5158	0.04
5159	0.67
5160	0.28
5161	0.57
5162	0.37
5163	0.95
5164	0.35
5165	0.31
5166	0.55
5167	0.33
5168	0.26
5169	0.38
5170	0.31
5171	0.19
5172	0.28
5173	0.43
5174	0.99
5175	0.83
5176	0.77
5177	0.96
5178	0.19
5179	0.74
5180	0.55
5181	0.61
5182	0.5
5183	0.36
5184	0.4
5185	0.79
5186	0.5
5187	0.24
5188	0.44
5189	0.25
5190	0.21
5191	0.31
5192	0.53
5193	0.31
5194	0.51
5195	0.74
5196	0.27
5197	0.43
5198	0.66
5199	0.48
5200	0.57
5201	0.46
5202	0.57
5203	0.52
5204	0.04
5205	0.38
5206	0.85
5207	0.67
5208	0.31
5209	0.22
5210	0.5
5211	0.38
5212	0.5
5213	0.39
5214	0.36
5215	0.28
5216	1.1
5217	0.62
5218	0.51
5219	0.65
5220	0.37
5221	0.85
5222	0.99
5223	0.07
5224	0.38
5225	0.52
5226	0.59
5227	0.65
5228	0.39
5229	0.22
5230	0.42
5231	0.25
5232	0.5
5233	0.69
5234	0.46
5235	0.1
5236	0.43
5237	0.15
5238	0.63
5239	0.61
5240	0.93
5241	0.55
5242	0.31
5243	0.41
5244	0.41
5245	0.64
5246	0.11
5247	0.51
5248	0.31
5249	1.02
5250	0.64
5251	0.3
5252	0.25
5253	0.68
5254	0.81
5255	0.3
5256	0.54
5257	0.48
5258	0.33
5259	0.39
5260	0.22
5261	0.47
5262	0.66
5263	0.38
5264	0.09
5265	1.21
5266	0.74
5267	0.35
5268	0.61
5269	0.5
5270	0.33
5271	0.67
5272	0.45
5273	0.23
5274	0.21
5275	0.56
5276	0.16
5277	0.32
5278	0.76
5279	0.63
5280	0.02
5281	0.1
5282	0.02
5283	0.41
5284	0.57
5285	0.4
5286	0.82
5287	0.21
5288	0.73
5289	0.8
5290	0.01
5291	0.55
5292	1.26
5293	0.47
5294	0.22
5295	1.24
5296	0.6
5297	0.57
5298	0.65
5299	0.27
5300	0.85
5301	0.56
5302	0.4
5303	0.4
5304	0.39
5305	0.62
5306	0.61
5307	0.36
5308	0.73
5309	0.41
5310	0.7
5311	0.54
5312	0.29
5313	0.21
5314	0.46
5315	0.17
5316	0.39
5317	0.39
5318	0.41
5319	0.28
5320	0.74
5321	0.47
5322	0.31
5323	0.39
5324	0.02
5325	0.52
5326	0.27
5327	0.26
5328	0.36
5329	0.41
5330	0.62
5331	0.16
5332	0.62
5333	0.36
5334	0.5
5335	0.72
5336	0.35
5337	0.66
5338	0.35
5339	0.98
5340	0.55
5341	0.56
5342	0.62
5343	0.23
5344	0.14
5345	0.37
5346	0.38
5347	0.32
5348	0.8
5349	0.11
5350	0.57
5351	0.45
5352	0.34
5353	0.06
5354	0.96
5355	0.21
5356	0.58
5357	0.12
5358	0.67
5359	0.74
5360	0.05
5361	0.45
5362	0.69
5363	0.16
5364	0.17
5365	0.67
5366	0.58
5367	0.66
5368	0.69
5369	0.64
5370	0.47
5371	0.57
5372	0.25
5373	0.27
5374	0.85
5375	0.16
5376	0.74
5377	0.52
5378	0.63
5379	0.86
5380	0.32
5381	0.5
5382	0.56
5383	0.06
5384	0.35
5385	0.51
5386	0.72
5387	0.49
5388	0.21
5389	0.16
5390	0.11
5391	0.25
5392	0.97
5393	0.43
5394	0.57
5395	0.91
5396	0.43
5397	0.14
5398	0.06
5399	0.54
5400	0.59
5401	0.77
5402	0.16
5403	0.41
5404	0.57
5405	0.52
5406	0.2
5407	0.32
5408	0.89
5409	0.9
5410	0.32
5411	0.6
5412	0.44
5413	0.22
5414	0.51
5415	0.51
5416	0.9
5417	0.34
5418	0.15
5419	0.62
5420	0.96
5421	0.54
5422	0.67
5423	0.34
5424	0.25
5425	0.28
5426	0.42
5427	0.45
5428	0.56
5429	0.5
5430	0.7
5431	0.59
5432	0.41
5433	0.17
5434	0.52
5435	0.8
5436	1.0
5437	0.35
5438	0.56
5439	0.98
5440	0.57
5441	0.42
5442	0.71
5443	0.28
5444	1.16
5445	0.25
5446	0.46
5447	0.22
5448	0.72
5449	0.43
5450	0.33
5451	0.96
5452	0.51
5453	0.11
5454	0.52
5455	0.26
5456	0.24
5457	0.37
5458	0.19
5459	0.33
5460	0.22
5461	1.04
5462	0.25
5463	0.77
5464	0.62
5465	0.33
5466	0.52
5467	0.71
5468	0.56
5469	0.77
5470	0.95
5471	0.75
5472	0.54
5473	0.19
5474	0.07
5475	0.9
5476	0.4
5477	0.61
5478	0.14
5479	0.59
5480	0.87
5481	0.56
5482	0.3
5483	0.09
5484	0.32
5485	0.32
5486	0.23
5487	0.87
5488	0.39
5489	0.78
5490	0.62
5491	0.63
5492	0.22
5493	0.56
5494	0.6
5495	0.55
5496	0.45
5497	0.73
5498	0.53
5499	0.44
5500	0.22
5501	0.46
5502	0.66
5503	0.44
5504	0.9
5505	0.53
5506	0.57
5507	0.79
5508	0.21
5509	0.53
5510	0.42
5511	0.5
5512	0.33
5513	0.44
5514	0.55
5515	0.21
5516	0.47
5517	0.14
5518	0.19
5519	0.21
5520	0.33
5521	0.29
5522	0.7
5523	0.25
5524	0.81
5525	0.31
5526	0.55
5527	0.14
5528	0.56
5529	0.41
5530	0.32
5531	0.18
5532	0.22
5533	0.43
5534	0.59
5535	0.2
5536	0.23
5537	0.6
5538	0.15
5539	0.33
5540	0.36
5541	0.67
5542	0.74
5543	0.15
5544	1.16
5545	0.93
5546	0.53
5547	0.73
5548	0.01
5549	0.5
5550	0.07
5551	0.39
5552	0.33
5553	0.39
5554	0.55
5555	0.11
5556	0.24
5557	0.85
5558	1.0
5559	0.72
5560	0.47
5561	0.35
5562	0.43
5563	0.22
5564	0.14
5565	0.89
5566	0.98
5567	0.34
5568	0.72
5569	0.51
5570	0.44
5571	0.54
5572	0.45
5573	0.68
5574	0.66
5575	1.32
5576	0.73
5577	0.27
5578	0.63
5579	0.74
5580	0.21
5581	1.02
5582	0.54
5583	0.68
5584	0.11
5585	0.69
5586	0.41
5587	1.11
5588	0.09
5589	0.45
5590	1.09
5591	0.27
5592	0.77
5593	0.63
5594	0.68
5595	0.48
5596	0.51
5597	0.55
5598	0.96
5599	0.37
5600	0.45
5601	0.97
5602	0.76
5603	0.87
5604	0.34
5605	0.59
5606	0.29
5607	0.52
5608	0.24
5609	0.29
5610	0.42
5611	0.75
5612	0.07
5613	0.55
5614	0.67
5615	0.51
5616	0.04
5617	1.13
5618	0.66
5619	0.7
5620	0.7
5621	0.47
5622	0.51
5623	0.92
5624	0.72
5625	0.69
5626	0.54
5627	0.74
5628	0.36
5629	0.65
5630	0.23
5631	0.28
5632	0.67
5633	0.58
5634	0.51
5635	0.3
5636	0.52
5637	0.28
5638	0.48
5639	0.02
5640	0.49
5641	0.38
5642	0.21
5643	0.49
5644	0.67
5645	0.74
5646	0.48
5647	0.66
5648	0.64
5649	0.61
5650	0.77
5651	0.63
5652	0.85
5653	0.53
5654	0.67
5655	0.72
5656	0.91
5657	0.76
5658	0.53
5659	0.69
5660	0.97
5661	0.21
5662	0.26
5663	0.12
5664	0.38
5665	0.48
5666	0.4
5667	0.36
5668	0.92
5669	0.59
5670	0.09
5671	0.22
5672	0.6
5673	0.91
5674	0.62
5675	0.5
5676	0.2
5677	0.4
5678	0.53
5679	0.56
5680	0.67
5681	0.41
5682	0.86
5683	0.69
5684	0.2
5685	0.5
5686	0.29
5687	0.56
5688	0.45
5689	0.42
5690	0.74
5691	0.18
5692	0.24
5693	0.37
5694	0.46
5695	0.48
5696	0.83
5697	0.17
5698	0.64
5699	0.33
5700	0.57
5701	0.6
5702	0.43
5703	0.85
5704	0.44
5705	0.43
5706	0.37
5707	0.87
5708	0.31
5709	0.9
5710	0.23
5711	0.23
5712	0.3
5713	0.2
5714	0.43
5715	0.02
5716	0.56
5717	0.37
5718	0.2
5719	0.66
5720	0.94
5721	0.72
5722	0.56
5723	0.43
5724	0.95
5725	0.54
5726	0.1
5727	0.75
5728	0.46
5729	0.58
5730	0.07
5731	0.34
5732	0.43
5733	0.21
5734	0.49
5735	0.79
5736	0.06
5737	0.36
5738	0.28
5739	0.6
5740	0.77
5741	0.3
5742	0.74
5743	0.26
5744	0.47
5745	0.72
5746	0.13
5747	0.74
5748	0.58
5749	0.59
5750	0.55
5751	0.22
5752	0.52
5753	0.63
5754	0.37
5755	0.73
5756	0.28
5757	0.62
5758	0.5
5759	0.27
5760	0.71
5761	0.11
5762	0.76
5763	0.44
5764	0.87
5765	0.81
5766	1.03
5767	0.36
5768	0.49
5769	0.64
5770	0.48
5771	0.75
5772	0.59
5773	0.82
5774	0.72
5775	0.13
5776	0.77
5777	0.46
5778	0.82
5779	0.95
5780	0.42
5781	0.72
5782	0.6
5783	0.62
5784	0.23
5785	0.1
5786	0.48
5787	0.46
5788	0.22
5789	0.11
5790	0.14
5791	0.54
5792	0.14
5793	0.21
5794	0.63
5795	0.67
5796	0.49
5797	0.37
5798	0.09
5799	0.71
5800	1.11
5801	0.03
5802	0.73
5803	0.49
5804	0.41
5805	0.47
5806	0.34
5807	0.3
5808	0.32
5809	0.39
5810	0.41
5811	0.65
5812	0.02
5813	0.62
5814	0.7
5815	0.23
5816	0.14
5817	0.72
5818	0.04
5819	0.19
5820	0.48
5821	0.38
5822	0.55
5823	0.11
5824	0.64
5825	1.05
5826	0.3
5827	0.63
5828	0.31
5829	0.08
5830	0.59
5831	0.39
5832	0.34
5833	0.23
5834	0.71
5835	0.85
5836	0.45
5837	0.14
5838	0.82
5839	0.11
5840	0.65
5841	0.97
5842	0.55
5843	0.67
5844	0.52
5845	0.68
5846	0.65
5847	0.31
5848	0.39
5849	0.32
5850	0.47
5851	0.48
5852	0.76
5853	0.45
5854	0.35
5855	0.67
5856	0.33
5857	1.09
5858	0.91
5859	0.77
5860	0.53
5861	0.67
5862	0.74
5863	0.73
5864	0.7
5865	0.32
5866	0.78
5867	0.44
5868	0.65
5869	0.07
5870	0.43
5871	0.83
5872	0.82
5873	0.2
5874	0.94
5875	0.92
5876	0.36
5877	0.16
5878	0.55
5879	0.22
5880	0.73
5881	0.9
5882	0.08
5883	0.67
5884	0.16
5885	0.1
5886	0.72
5887	0.25
5888	0.27
5889	0.36
5890	0.13
5891	0.68
5892	0.31
5893	0.76
5894	0.02
5895	0.48
5896	0.64
5897	0.06
5898	0.56
5899	0.52
5900	0.64
5901	0.86
5902	0.45
5903	0.38
5904	0.51
5905	0.6
5906	0.47
5907	1.07
5908	0.51
5909	0.66
5910	0.76
5911	0.6
5912	0.44
5913	0.61
5914	0.6
5915	0.27
5916	0.56
5917	0.45
5918	0.91
5919	0.84
5920	0.21
5921	0.83
5922	0.24
5923	0.8
5924	0.34
5925	0.12
5926	0.48
5927	1.15
5928	0.19
5929	0.29
5930	0.08
5931	0.46
5932	0.8
5933	0.75
5934	0.16
5935	0.74
5936	0.22
5937	0.45
5938	0.9
5939	0.23
5940	0.63
5941	0.54
5942	0.66
5943	0.7
5944	0.56
5945	0.48
5946	0.48
5947	0.29
5948	0.28
5949	0.82
5950	0.23
5951	0.41
5952	0.44
5953	0.5
5954	0.56
5955	0.6
5956	0.33
5957	0.46
5958	0.22
5959	1.0
5960	0.24
5961	0.82
5962	0.46
5963	0.55
5964	0.6
5965	0.65
5966	0.54
5967	0.87
5968	1.06
5969	0.43
5970	0.81
5971	0.76
5972	0.01
5973	0.49
5974	0.48
5975	0.28
5976	0.7
5977	0.86
5978	0.39
5979	0.18
5980	0.3
5981	0.57
5982	0.08
5983	0.4
5984	0.23
5985	0.45
5986	0.31
5987	0.57
5988	0.23
5989	0.99
5990	0.3
5991	0.3
5992	0.73
5993	0.58
5994	0.56
5995	0.88
5996	0.51
5997	0.77
5998	0.88
5999	0.31
6000	0.53
6001	0.56
6002	0.61
6003	0.91
6004	0.87
6005	0.02
6006	0.42
6007	0.51
6008	0.67
6009	0.65
6010	0.6
6011	0.6
6012	0.56
6013	0.43
6014	0.43
6015	0.13
6016	0.99
6017	0.36
6018	0.69
6019	0.52
6020	0.47
6021	0.75
6022	0.23
6023	0.64
6024	0.12
6025	0.55
6026	0.52
6027	0.76
6028	1.24
6029	0.6
6030	0.14
6031	0.49
6032	0.48
6033	0.24
6034	0.62
6035	0.35
6036	0.38
6037	0.68
6038	0.75
6039	0.87
6040	0.33
6041	0.35
6042	1.02
6043	0.29
6044	0.37
6045	0.29
6046	0.64
6047	0.16
6048	0.53
6049	0.42
6050	0.25
6051	0.32
6052	0.45
6053	0.75
6054	0.27
6055	0.61
6056	0.28
6057	1.01
6058	0.44
6059	0.83
6060	0.23
6061	0.8
6062	0.41
6063	0.25
6064	1.11
6065	0.8
6066	0.93
6067	0.75
6068	0.43
6069	0.39
6070	0.65
6071	0.44
6072	0.56
6073	0.61
6074	0.2
6075	0.46
6076	0.72
6077	0.36
6078	0.66
6079	0.3
6080	0.2
6081	0.77
6082	0.65
6083	0.43
6084	0.58
6085	0.18
6086	0.55
6087	0.55
6088	0.2
6089	0.6
6090	0.65
6091	0.87
6092	0.85
6093	0.31
6094	0.55
6095	1.5
6096	0.58
6097	0.35
6098	0.48
6099	0.59
6100	0.2
6101	0.34
6102	0.47
6103	0.24
6104	0.79
6105	0.5
6106	0.4
6107	0.66
6108	0.79
6109	0.76
6110	0.25
6111	0.25
6112	0.82
6113	0.56
6114	0.17
6115	0.54
6116	0.4
6117	0.52
6118	1.27
6119	0.15
6120	0.19
6121	0.99
6122	0.43
6123	0.46
6124	0.08
6125	0.66
6126	0.77
6127	1.13
6128	0.01
6129	0.69
6130	0.16
6131	0.54
6132	0.71
6133	0.11
6134	0.3
6135	0.64
6136	0.6
6137	0.46
6138	0.38
6139	0.89
6140	0.33
6141	0.4
6142	0.48
6143	0.66
6144	0.59
6145	0.42
6146	0.44
6147	0.72
6148	0.54
6149	0.79
6150	0.85
6151	0.7
6152	0.01
6153	0.22
6154	0.58
6155	0.07
6156	0.68
6157	0.87
6158	0.3
6159	0.54
6160	1.09
6161	0.38
6162	0.38
6163	0.38
6164	0.47
6165	0.78
6166	0.56
6167	0.67
6168	0.26
6169	1.31
6170	0.49
6171	0.04
6172	0.77
6173	0.26
6174	0.6
6175	0.53
6176	0.38
6177	0.72
6178	0.53
6179	0.55
6180	0.88
6181	0.78
6182	0.44
6183	0.83
6184	0.82
6185	0.92
6186	0.93
6187	0.35
6188	0.23
6189	0.5
6190	0.42
6191	0.49
6192	0.49
6193	0.45
6194	0.79
6195	0.64
6196	0.25
6197	0.4
6198	0.64
6199	0.58
6200	0.65
6201	1.18
6202	0.38
6203	0.42
6204	0.17
6205	0.99
6206	0.44
6207	0.49
6208	0.56
6209	0.18
6210	0.64
6211	0.15
6212	0.33
6213	0.65
6214	0.41
6215	0.04
6216	0.6
6217	0.85
6218	0.39
6219	0.37
6220	1.04
6221	0.91
6222	0.77
6223	0.54
6224	0.07
6225	0.56
6226	0.62
6227	0.62
6228	0.75
6229	0.21
6230	0.12
6231	0.72
6232	0.89
6233	0.79
6234	0.53
6235	0.58
6236	0.51
6237	0.46
6238	0.48
6239	0.16
6240	0.21
6241	0.23
6242	0.82
6243	0.49
6244	0.0
6245	0.64
6246	0.05
6247	0.68
6248	0.13
6249	0.62
6250	0.28
6251	0.49
6252	0.65
6253	0.78
6254	0.39
6255	0.53
6256	0.52
6257	0.77
6258	0.89
6259	0.3
6260	0.93
6261	1.01
6262	0.28
6263	0.72
6264	0.45
6265	0.27
6266	0.81
6267	0.42
6268	0.33
6269	0.27
6270	0.44
6271	0.01
6272	0.33
6273	0.74
6274	0.69
6275	1.29
6276	0.68
6277	0.46
6278	0.24
6279	0.51
6280	0.33
6281	0.21
6282	0.49
6283	0.56
6284	0.11
6285	0.01
6286	0.58
6287	0.24
6288	0.63
6289	0.52
6290	0.98
6291	0.61
6292	0.17
6293	0.32
6294	0.75
6295	0.86
6296	0.7
6297	0.28
6298	0.13
6299	0.42
6300	0.88
6301	0.73
6302	0.82
6303	0.3
6304	0.48
6305	0.46
6306	0.16
6307	0.56
6308	0.86
6309	0.55
6310	0.45
6311	0.48
6312	1.07
6313	0.45
6314	0.32
6315	0.05
6316	0.65
6317	0.66
6318	0.57
6319	0.47
6320	0.7
6321	0.36
6322	0.11
6323	0.19
6324	0.1
6325	0.45
6326	0.36
6327	0.48
6328	0.82
6329	0.67
6330	0.51
6331	0.18
6332	0.44
6333	0.48
6334	0.48
6335	0.35
6336	0.29
6337	0.19
6338	0.58
6339	0.3
6340	0.07
6341	0.41
6342	0.76
6343	0.83
6344	0.06
6345	0.07
6346	0.54
6347	0.18
6348	0.55
6349	0.75
6350	0.18
6351	0.47
6352	0.41
6353	0.1
6354	0.93
6355	0.62
6356	0.79
6357	0.61
6358	0.08
6359	0.5
6360	0.84
6361	0.57
6362	0.58
6363	0.13
6364	0.22
6365	0.45
6366	0.7
6367	0.24
6368	0.72
6369	0.57
6370	0.37
6371	0.63
6372	1.14
6373	0.26
6374	0.22
6375	0.46
6376	0.38
6377	0.41
6378	0.28
6379	0.4
6380	0.56
6381	0.75
6382	0.44
6383	0.74
6384	0.95
6385	0.21
6386	0.42
6387	0.14
6388	0.87
6389	1.08
6390	0.87
6391	0.55
6392	0.51
6393	0.56
6394	0.47
6395	0.0
6396	0.94
6397	0.17
6398	0.58
6399	0.28
6400	0.66
6401	0.81
6402	0.81
6403	0.38
6404	0.52
6405	0.3
6406	0.4
6407	0.37
6408	0.45
6409	1.04
6410	0.55
6411	0.38
6412	0.32
6413	1.1
6414	0.62
6415	0.67
6416	0.28
6417	0.08
6418	0.51
6419	0.7
6420	0.58
6421	0.51
6422	0.56
6423	0.21
6424	0.64
6425	0.25
6426	0.36
6427	0.18
6428	0.43
6429	0.3
6430	0.44
6431	0.8
6432	0.34
6433	0.51
6434	0.9
6435	1.26
6436	1.06
6437	0.79
6438	0.55
6439	0.74
6440	0.18
6441	0.03
6442	0.85
6443	0.44
6444	0.5
6445	0.64
6446	0.13
6447	0.42
6448	0.69
6449	0.26
6450	0.08
6451	0.66
6452	0.6
6453	0.75
6454	0.84
6455	0.76
6456	0.15
6457	0.36
6458	0.52
6459	0.95
6460	0.49
6461	0.57
6462	0.46
6463	1.39
6464	0.54
6465	1.07
6466	0.56
6467	0.29
6468	0.97
6469	0.2
6470	0.16
6471	0.71
6472	0.51
6473	0.76
6474	0.48
6475	0.7
6476	0.22
6477	0.42
6478	0.36
6479	0.2
6480	0.31
6481	0.35
6482	0.02
6483	0.06
6484	0.94
6485	0.55
6486	0.54
6487	0.78
6488	0.91
6489	0.85
6490	0.33
6491	0.27
6492	0.74
6493	0.27
6494	0.29
6495	0.51
6496	0.4
6497	0.73
6498	0.71
6499	0.53
6500	0.95
6501	0.48
6502	0.07
6503	0.17
6504	0.47
6505	0.38
6506	0.75
6507	0.41
6508	0.65
6509	0.47
6510	0.57
6511	0.38
6512	0.31
6513	0.58
6514	0.77
6515	0.57
6516	0.69
6517	0.08
6518	0.78
6519	0.51
6520	0.39
6521	0.65
6522	0.48
6523	0.41
6524	0.33
6525	0.23
6526	1.0
6527	0.38
6528	0.52
6529	0.14
6530	0.46
6531	0.83
6532	0.32
6533	0.64
6534	0.59
6535	0.24
6536	0.72
6537	0.29
6538	0.69
6539	0.74
6540	0.78
6541	0.72
6542	0.79
6543	0.8
6544	0.38
6545	0.41
6546	0.55
6547	0.38
6548	0.68
6549	0.97
6550	0.76
6551	0.6
6552	0.84
6553	0.64
6554	0.42
6555	0.6
6556	0.2
6557	0.42
6558	0.6
6559	0.11
6560	0.51
6561	0.4
6562	0.59
6563	0.74
6564	0.94
6565	0.65
6566	0.14
6567	0.52
6568	0.66
6569	0.17
6570	0.74
6571	0.19
6572	0.8
6573	0.65
6574	0.58
6575	0.9
6576	0.27
6577	0.53
6578	0.81
6579	0.09
6580	1.06
6581	0.06
6582	0.55
6583	0.04
6584	0.48
6585	0.36
6586	0.34
6587	0.76
6588	0.57
6589	0.81
6590	0.39
6591	0.36
6592	1.05
6593	0.36
6594	0.65
6595	0.92
6596	0.67
6597	0.56
6598	0.5
6599	0.42
6600	0.61
6601	0.41
6602	0.94
6603	0.57
6604	0.49
6605	0.2
6606	0.38
6607	0.55
6608	0.47
6609	0.3
6610	0.14
6611	1.1
6612	0.96
6613	0.42
6614	0.52
6615	0.66
6616	0.44
6617	0.69
6618	0.28
6619	0.72
6620	0.73
6621	0.99
6622	0.53
6623	0.18
6624	0.56
6625	0.22
6626	0.16
6627	0.45
6628	0.6
6629	0.44
6630	0.6
6631	0.92
6632	0.47
6633	0.4
6634	0.21
6635	0.59
6636	0.67
6637	0.23
6638	0.67
6639	0.46
6640	0.13
6641	0.89
6642	0.17
6643	0.14
6644	0.44
6645	0.14
6646	0.0
6647	0.84
6648	0.5
6649	1.03
6650	0.78
6651	0.56
6652	0.66
6653	0.57
6654	0.17
6655	0.03
6656	0.76
6657	0.68
6658	0.46
6659	0.91
6660	0.41
6661	0.26
6662	0.4
6663	0.62
6664	0.25
6665	0.45
6666	0.31
6667	0.77
6668	0.57
6669	0.42
6670	0.77
6671	1.1
6672	0.61
6673	0.52
6674	0.79
6675	0.54
6676	0.48
6677	0.34
6678	0.55
6679	0.42
6680	1.14
6681	0.52
6682	0.64
6683	0.08
6684	0.41
6685	0.67
6686	0.28
6687	0.37
6688	0.5
6689	0.55
6690	0.24
6691	0.24
6692	0.64
6693	0.6
6694	0.8
6695	0.62
6696	0.31
6697	0.68
6698	0.36
6699	0.02
6700	0.06
6701	0.16
6702	0.65
6703	0.23
6704	0.3
6705	0.18
6706	0.75
6707	0.77
6708	0.58
6709	0.26
6710	0.54
6711	0.55
6712	0.94
6713	0.51
6714	0.57
6715	0.51
6716	0.44
6717	0.91
6718	1.09
6719	0.52
6720	1.01
6721	0.82
6722	0.79
6723	0.57
6724	0.06
6725	0.11
6726	0.26
6727	0.65
6728	0.93
6729	0.61
6730	0.38
6731	0.78
6732	0.5
6733	0.56
6734	0.33
6735	0.88
6736	0.39
6737	0.95
6738	0.51
6739	0.44
6740	0.31
6741	0.45
6742	0.24
6743	0.23
6744	0.21
6745	0.31
6746	0.59
6747	0.08
6748	0.08
6749	0.25
6750	0.44
6751	0.52
6752	0.76
6753	0.6
6754	0.34
6755	0.17
6756	0.36
6757	1.1
6758	1.0
6759	0.58
6760	0.72
6761	0.33
6762	0.59
6763	1.03
6764	0.73
6765	0.53
6766	0.66
6767	0.71
6768	0.08
6769	0.85
6770	0.38
6771	0.35
6772	0.91
6773	1.24
6774	0.21
6775	0.65
6776	0.9
6777	0.22
6778	0.56
6779	0.87
6780	0.75
6781	0.33
6782	0.24
6783	0.78
6784	0.27
6785	0.77
6786	0.74
6787	0.53
6788	0.01
6789	0.62
6790	0.86
6791	0.81
6792	0.47
6793	0.51
6794	1.03
6795	0.59
6796	0.21
6797	0.31
6798	0.37
6799	0.47
6800	0.56
6801	0.22
6802	0.45
6803	0.11
6804	0.55
6805	0.6
6806	1.05
6807	0.19
6808	0.93
6809	0.96
6810	0.72
6811	0.73
6812	0.74
6813	0.71
6814	0.63
6815	0.68
6816	1.2
6817	0.41
6818	0.48
6819	0.22
6820	0.91
6821	0.38
6822	0.72
6823	0.41
6824	1.08
6825	0.3
6826	0.55
6827	0.28
6828	0.57
6829	0.79
6830	0.4
6831	1.22
6832	0.88
6833	0.64
6834	0.27
6835	0.03
6836	0.55
6837	0.16
6838	0.91
6839	0.89
6840	0.22
6841	0.5
6842	0.66
6843	0.3
6844	0.63
6845	0.31
6846	0.3
6847	0.15
6848	0.47
6849	0.83
6850	0.72
6851	0.15
6852	0.63
6853	0.46
6854	0.78
6855	0.36
6856	0.62
6857	0.54
6858	0.43
6859	0.48
6860	0.57
6861	0.53
6862	0.22
6863	0.08
6864	0.28
6865	0.49
6866	0.4
6867	0.14
6868	0.36
6869	0.43
6870	0.36
6871	0.82
6872	0.51
6873	0.27
6874	0.8
6875	0.61
6876	0.56
6877	0.6
6878	0.65
6879	0.73
6880	0.25
6881	0.67
6882	0.34
6883	0.09
6884	0.22
6885	1.0
6886	0.72
6887	0.97
6888	0.24
6889	0.9
6890	0.67
6891	0.74
6892	0.59
6893	0.82
6894	0.54
6895	0.4
6896	0.61
6897	0.7
6898	0.61
6899	0.71
6900	0.43
6901	0.11
6902	0.93
6903	0.08
6904	0.31
6905	0.45
6906	0.58
6907	0.74
6908	0.44
6909	0.26
6910	0.66
6911	1.03
6912	1.04
6913	0.67
6914	0.57
6915	0.8
6916	0.29
6917	0.04
6918	0.44
6919	0.59
6920	0.35
6921	0.27
6922	0.14
6923	0.47
6924	0.54
6925	0.59
6926	0.91
6927	0.7
6928	0.61
6929	1.01
6930	0.34
6931	0.73
6932	0.46
6933	0.37
6934	0.54
6935	0.11
6936	0.79
6937	0.73
6938	0.51
6939	0.16
6940	0.66
6941	0.81
6942	0.24
6943	0.84
6944	0.59
6945	0.05
6946	0.31
6947	0.84
6948	0.48
6949	0.71
6950	0.09
6951	0.54
6952	0.75
6953	0.3
6954	0.11
6955	0.64
6956	0.4
6957	0.42
6958	0.48
6959	1.07
6960	0.51
6961	0.32
6962	0.37
6963	0.36
6964	0.22
6965	0.02
6966	0.84
6967	0.89
6968	0.2
6969	0.89
6970	0.28
6971	0.83
6972	0.59
6973	0.36
6974	0.6
6975	0.56
6976	0.61
6977	0.8
6978	0.34
6979	0.75
6980	0.36
6981	0.31
6982	0.61
6983	0.61
6984	0.22
6985	0.13
6986	0.8
6987	0.49
6988	0.15
6989	0.02
6990	0.2
6991	0.34
6992	0.35
6993	0.89
6994	0.64
6995	0.29
6996	1.04
6997	0.3
6998	0.48
6999	1.15
7000	0.15
7001	1.02
7002	0.15
7003	0.35
7004	0.32
7005	0.49
7006	0.29
7007	0.05
7008	0.14
7009	0.3
7010	0.33
7011	0.35
7012	0.44
7013	0.94
7014	0.74
7015	0.71
7016	0.19
7017	0.3
7018	0.97
7019	0.58
7020	0.48
7021	0.98
7022	0.62
7023	1.04
7024	0.43
7025	0.09
7026	0.59
7027	0.68
7028	0.43
7029	0.83
7030	0.92
7031	0.25
7032	0.18
7033	0.49
7034	0.24
7035	0.4
7036	0.16
7037	0.69
7038	0.66
7039	0.68
7040	0.81
7041	0.49
7042	0.74
7043	0.47
7044	0.17
7045	0.5
7046	0.79
7047	0.2
7048	0.17
7049	1.11
7050	0.21
7051	0.63
7052	0.67
7053	0.42
7054	0.45
7055	0.55
7056	0.81
7057	0.63
7058	0.62
7059	0.6
7060	0.01
7061	0.14
7062	0.75
7063	0.44
7064	0.09
7065	0.17
7066	0.02
7067	0.59
7068	0.26
7069	0.8
7070	0.71
7071	0.55
7072	0.72
7073	0.52
7074	1.32
7075	0.2
7076	0.57
7077	0.68
7078	0.22
7079	0.19
7080	0.41
7081	0.45
7082	0.44
7083	0.15
7084	1.04
7085	0.14
7086	0.56
7087	0.46
7088	0.4
7089	0.68
7090	0.16
7091	0.51
7092	0.75
7093	0.91
7094	0.61
7095	0.99
7096	0.09
7097	0.71
7098	0.11
7099	0.29
7100	0.42
7101	0.55
7102	0.99
7103	1.05
7104	0.5
7105	0.52
7106	0.65
7107	0.53
7108	0.9
7109	0.27
7110	0.62
7111	0.95
7112	0.86
7113	1.12
7114	0.04
7115	0.93
7116	0.65
7117	0.41
7118	0.48
7119	0.29
7120	0.4
7121	0.22
7122	0.53
7123	0.45
7124	0.36
7125	0.12
7126	0.06
7127	0.34
7128	0.45
7129	0.26
7130	0.47
7131	0.67
7132	0.36
7133	0.54
7134	0.4
7135	0.95
7136	0.4
7137	0.43
7138	0.43
7139	0.04
7140	0.69
7141	0.62
7142	0.33
7143	0.71
7144	0.54
7145	0.76
7146	0.64
7147	0.11
7148	0.79
7149	0.69
7150	0.2
7151	0.08
7152	0.83
7153	0.07
7154	0.33
7155	0.45
7156	0.46
7157	0.35
7158	0.51
7159	0.04
7160	1.1
7161	0.31
7162	0.07
7163	0.4
7164	0.82
7165	0.39
7166	0.18
7167	0.24
7168	0.61
7169	0.48
7170	0.66
7171	0.63
7172	0.18
7173	0.18
7174	1.2
7175	0.52
7176	0.05
7177	0.64
7178	1.07
7179	0.68
7180	0.52
7181	0.0
7182	0.63
7183	0.4
7184	0.58
7185	0.31
7186	0.75
7187	0.37
7188	0.65
7189	0.17
7190	0.68
7191	0.38
7192	0.3
7193	0.54
7194	0.44
7195	0.78
7196	0.07
7197	0.76
7198	0.09
7199	0.14
7200	0.77
7201	0.37
7202	0.96
7203	0.4
7204	0.37
7205	0.36
7206	0.64
7207	0.14
7208	0.36
7209	0.52
7210	0.52
7211	0.26
7212	0.66
7213	0.18
7214	0.35
7215	0.85
7216	0.28
7217	0.44
7218	0.54
7219	0.48
7220	0.64
7221	0.43
7222	0.64
7223	0.08
7224	0.45
7225	0.25
7226	0.49
7227	0.2
7228	0.45
7229	0.27
7230	0.41
7231	0.18
7232	0.64
7233	0.69
7234	0.48
7235	0.89
7236	1.04
7237	0.01
7238	0.83
7239	0.2
7240	0.56
7241	0.68
7242	0.99
7243	0.3
7244	0.49
7245	0.22
7246	0.42
7247	0.34
7248	0.29
7249	0.88
7250	0.44
7251	0.14
7252	1.18
7253	0.46
7254	0.44
7255	0.06
7256	0.55
7257	0.39
7258	1.14
7259	0.35
7260	0.83
7261	0.54
7262	0.3
7263	0.54
7264	0.26
7265	0.52
7266	0.72
7267	0.29
7268	0.69
7269	0.55
7270	0.07
7271	0.23
7272	0.07
7273	0.65
7274	0.5
7275	0.65
7276	0.79
7277	0.55
7278	0.59
7279	0.53
7280	0.33
7281	0.22
7282	0.69
7283	0.47
7284	0.63
7285	0.09
7286	0.34
7287	0.4
7288	0.11
7289	0.48
7290	0.16
7291	0.73
7292	1.03
7293	0.27
7294	0.14
7295	0.71
7296	0.14
7297	0.56
7298	0.59
7299	0.74
7300	0.82
7301	0.83
7302	0.53
7303	0.32
7304	0.84
7305	0.76
7306	0.19
7307	0.54
7308	0.12
7309	0.6
7310	0.47
7311	0.24
7312	0.64
7313	0.32
7314	0.52
7315	0.38
7316	0.21
7317	0.86
7318	0.25
7319	0.06
7320	0.46
7321	0.77
7322	0.18
7323	0.56
7324	0.72
7325	0.69
7326	0.85
7327	0.24
7328	0.62
7329	0.72
7330	0.39
7331	0.75
7332	0.53
7333	0.35
7334	0.41
7335	0.91
7336	0.91
7337	0.48
7338	0.51
7339	0.07
7340	0.35
7341	0.37
7342	0.46
7343	0.52
7344	0.37
7345	0.07
7346	0.71
7347	0.48
7348	0.27
7349	0.7
7350	0.64
7351	0.26
7352	0.34
7353	0.92
7354	0.56
7355	0.36
7356	0.22
7357	0.38
7358	0.29
7359	0.43
7360	0.69
7361	0.47
7362	0.57
7363	0.59
7364	0.48
7365	0.72
7366	0.82
7367	1.1
7368	0.22
7369	0.45
7370	0.32
7371	0.12
7372	0.3
7373	0.79
7374	0.82
7375	0.79
7376	0.68
7377	0.04
7378	0.31
7379	0.23
7380	0.63
7381	0.48
7382	0.3
7383	0.34
7384	0.1
7385	0.78
7386	0.46
7387	0.5
7388	0.66
7389	0.42
7390	0.67
7391	0.18
7392	0.06
7393	0.64
7394	0.48
7395	0.61
7396	0.67
7397	0.44
7398	0.62
7399	0.99
7400	0.4
7401	0.09
7402	0.48
7403	0.61
7404	0.6
7405	0.13
7406	0.75
7407	0.33
7408	0.51
7409	0.06
7410	0.59
7411	0.15
7412	0.31
7413	0.33
7414	0.27
7415	0.22
7416	0.6
7417	0.27
7418	0.16
7419	0.56
7420	0.32
7421	0.56
7422	0.62
7423	0.77
7424	0.41
7425	0.86
7426	0.47
7427	0.41
7428	0.98
7429	0.36
7430	0.49
7431	0.26
7432	0.43
7433	0.97
7434	0.25
7435	1.0
7436	0.54
7437	1.11
7438	0.66
7439	0.87
7440	0.59
7441	0.56
7442	0.33
7443	0.77
7444	0.31
7445	0.67
7446	0.49
7447	0.67
7448	1.15
7449	0.22
7450	0.49
7451	0.33
7452	0.01
7453	0.33
7454	0.31
7455	0.45
7456	0.71
7457	0.3
7458	0.33
7459	0.56
7460	1.02
7461	0.69
7462	0.47
7463	1.01
7464	0.48
7465	0.31
7466	0.79
7467	0.1
7468	0.3
7469	0.16
7470	0.35
7471	0.56
7472	0.5
7473	0.25
7474	0.49
7475	0.28
7476	0.7
7477	0.79
7478	0.54
7479	0.54
7480	0.16
7481	0.87
7482	0.22
7483	0.67
7484	0.49
7485	0.64
7486	0.01
7487	0.56
7488	0.72
7489	0.46
7490	0.74
7491	0.61
7492	0.35
7493	0.64
7494	0.72
7495	0.45
7496	0.23
7497	0.49
7498	0.36
7499	0.46
7500	0.72
7501	0.54
7502	0.83
7503	0.41
7504	0.71
7505	0.86
7506	0.44
7507	0.16
7508	0.75
7509	0.39
7510	0.81
7511	0.26
7512	0.91
7513	0.64
7514	0.82
7515	0.72
7516	0.43
7517	0.28
7518	0.4
7519	0.31
7520	0.74
7521	0.18
7522	0.67
7523	1.17
7524	0.64
7525	0.4
7526	0.34
7527	0.49
7528	0.74
7529	0.12
7530	0.34
7531	0.74
7532	0.03
7533	0.2
7534	0.62
7535	0.58
7536	0.45
7537	0.61
7538	0.5
7539	0.38
7540	0.6
7541	0.91
7542	0.37
7543	0.48
7544	0.47
7545	0.52
7546	0.56
7547	0.58
7548	0.74
7549	0.45
7550	0.32
7551	0.29
7552	0.41
7553	0.85
7554	0.17
7555	0.24
7556	0.45
7557	0.76
7558	0.71
7559	0.31
7560	0.2
7561	0.45
7562	0.28
7563	0.43
7564	0.67
7565	0.57
7566	0.62
7567	0.37
7568	0.79
7569	0.33
7570	0.59
7571	0.48
7572	0.16
7573	0.61
7574	0.47
7575	0.48
7576	0.38
7577	0.4
7578	0.24
7579	1.04
7580	0.36
7581	0.33
7582	1.17
7583	0.39
7584	0.63
7585	0.39
7586	0.68
7587	0.28
7588	0.35
7589	0.88
7590	0.64
7591	0.13
7592	0.36
7593	1.18
7594	0.33
7595	0.36
7596	0.38
7597	0.38
7598	0.72
7599	0.43
7600	0.64
7601	0.34
7602	0.46
7603	0.66
7604	0.42
7605	0.84
7606	0.94
7607	0.24
7608	0.31
7609	0.89
7610	0.57
7611	0.23
7612	0.66
7613	0.44
7614	0.62
7615	0.56
7616	0.9
7617	0.82
7618	0.53
7619	0.56
7620	0.04
7621	0.72
7622	0.71
7623	0.24
7624	0.86
7625	0.3
7626	0.03
7627	0.2
7628	0.45
7629	0.61
7630	0.7
7631	0.9
7632	0.61
7633	0.77
7634	0.72
7635	0.56
7636	0.64
7637	0.77
7638	0.41
7639	0.22
7640	0.74
7641	0.37
7642	0.3
7643	0.66
7644	0.65
7645	0.61
7646	0.54
7647	0.54
7648	0.17
7649	0.4
7650	0.32
7651	0.39
7652	0.5
7653	0.61
7654	0.47
7655	1.02
7656	0.16
7657	0.51
7658	0.47
7659	0.32
7660	1.13
7661	0.43
7662	0.15
7663	0.45
7664	0.95
7665	0.11
7666	0.45
7667	0.71
7668	0.16
7669	0.84
7670	0.29
7671	0.83
7672	0.3
7673	0.37
7674	0.11
7675	0.24
7676	0.61
7677	0.45
7678	0.87
7679	0.46
7680	0.76
7681	0.16
7682	0.68
7683	0.65
7684	0.45
7685	0.76
7686	0.45
7687	0.79
7688	0.26
7689	0.88
7690	0.23
7691	0.99
7692	0.71
7693	0.41
7694	0.42
7695	0.57
7696	0.17
7697	0.36
7698	0.92
7699	0.19
7700	0.66
7701	0.23
7702	0.58
7703	0.46
7704	0.19
7705	0.21
7706	0.76
7707	0.46
7708	0.61
7709	0.31
7710	0.67
7711	0.73
7712	0.29
7713	0.38
7714	0.23
7715	0.33
7716	0.66
7717	0.56
7718	0.13
7719	0.5
7720	0.58
7721	0.81
7722	0.48
7723	0.11
7724	0.1
7725	0.11
7726	0.25
7727	0.9
7728	0.8
7729	0.29
7730	1.2
7731	0.57
7732	0.5
7733	0.26
7734	0.43
7735	0.46
7736	0.75
7737	0.01
7738	0.14
7739	0.72
7740	0.81
7741	0.25
7742	0.14
7743	0.47
7744	0.2
7745	0.58
7746	0.91
7747	0.61
7748	0.34
7749	0.48
7750	0.65
7751	0.67
7752	0.1
7753	0.25
7754	0.76
7755	0.65
7756	0.66
7757	1.0
7758	0.38
7759	0.35
7760	0.3
7761	0.46
7762	0.07
7763	0.4
7764	0.28
7765	0.0
7766	0.53
7767	0.31
7768	0.8
7769	0.41
7770	0.68
7771	0.66
7772	0.17
7773	0.57
7774	0.15
7775	0.67
7776	0.68
7777	0.89
7778	0.28
7779	0.27
7780	0.18
7781	0.38
7782	0.9
7783	0.48
7784	0.92
7785	0.61
7786	0.98
7787	0.92
7788	0.38
7789	0.85
7790	0.37
7791	0.5
7792	0.51
7793	0.63
7794	0.06
7795	0.71
7796	0.64
7797	0.49
7798	0.39
7799	0.17
7800	0.44
7801	0.1
7802	0.47
7803	0.09
7804	0.57
7805	0.66
7806	0.54
7807	0.83
7808	0.48
7809	0.09
7810	0.61
7811	0.75
7812	0.54
7813	0.83
7814	0.45
7815	0.5
7816	0.9
7817	0.54
7818	0.52
7819	1.05
7820	0.38
7821	0.23
7822	0.6
7823	0.35
7824	0.75
7825	0.84
7826	0.62
7827	0.82
7828	1.04
7829	0.55
7830	0.53
7831	0.69
7832	0.71
7833	0.83
7834	0.77
7835	0.64
7836	0.7
7837	0.57
7838	0.57
7839	0.66
7840	0.21
7841	0.72
7842	0.08
7843	1.0
7844	0.32
7845	0.44
7846	0.54
7847	0.28
7848	0.72
7849	0.23
7850	0.52
7851	0.47
7852	0.27
7853	0.02
7854	0.47
7855	0.26
7856	0.45
7857	0.8
7858	0.66
7859	0.5
7860	0.37
7861	0.81
7862	0.5
7863	0.09
7864	0.55
7865	0.23
7866	0.23
7867	0.68
7868	0.79
7869	0.43
7870	0.69
7871	1.09
7872	0.29
7873	0.74
7874	0.43
7875	0.56
7876	0.51
7877	0.68
7878	0.07
7879	0.89
7880	0.92
7881	0.28
7882	0.46
7883	0.39
7884	0.56
7885	0.35
7886	0.62
7887	1.15
7888	0.41
7889	0.31
7890	0.68
7891	0.71
7892	0.26
7893	0.46
7894	0.4
7895	0.87
7896	0.47
7897	0.43
7898	0.05
7899	0.72
7900	0.59
7901	0.35
7902	0.64
7903	0.65
7904	0.6
7905	0.23
7906	0.38
7907	0.6
7908	0.98
7909	0.61
7910	0.77
7911	0.56
7912	0.61
7913	0.51
7914	0.97
7915	0.18
7916	0.21
7917	1.2
7918	0.72
7919	0.8
7920	0.56
7921	0.79
7922	0.41
7923	0.56
7924	0.45
7925	0.16
7926	0.39
7927	0.43
7928	0.89
7929	0.59
7930	0.15
7931	0.27
7932	0.92
7933	0.37
7934	0.41
7935	0.54
7936	0.47
7937	0.54
7938	0.1
7939	0.8
7940	0.89
7941	0.68
7942	0.5
7943	0.33
7944	0.82
7945	0.28
7946	0.48
7947	0.53
7948	0.11
7949	0.16
7950	0.38
7951	0.48
7952	0.45
7953	0.34
7954	0.25
7955	0.7
7956	0.49
7957	0.53
7958	0.24
7959	0.67
7960	0.92
7961	0.42
7962	0.59
7963	0.5
7964	0.42
7965	0.32
7966	0.62
7967	0.78
7968	0.23
7969	0.52
7970	0.21
7971	0.35
7972	0.38
7973	0.51
7974	0.41
7975	0.1
7976	0.81
7977	0.92
7978	0.26
7979	0.16
7980	0.76
7981	0.64
7982	0.43
7983	0.81
7984	0.45
7985	0.21
7986	0.35
7987	0.93
7988	1.04
7989	1.11
7990	0.36
7991	0.75
7992	0.71
7993	0.79
7994	0.28
7995	1.01
7996	0.66
7997	0.38
7998	0.65
7999	0.45
8000	0.53
8001	0.64
8002	0.32
8003	0.34
8004	0.14
8005	0.6
8006	0.48
8007	0.43
8008	0.92
8009	0.45
8010	0.45
8011	0.52
8012	0.2
8013	0.18
8014	0.62
8015	0.47
8016	0.66
8017	0.3
8018	0.04
8019	0.5
8020	0.29
8021	0.78
8022	0.45
8023	0.53
8024	0.64
8025	0.62
8026	0.76
8027	0.67
8028	0.87
8029	0.5
8030	0.68
8031	0.37
8032	0.12
8033	1.02
8034	0.56
8035	0.36
8036	0.28
8037	0.75
8038	0.65
8039	0.31
8040	0.1
8041	0.6
8042	0.15
8043	0.37
8044	0.15
8045	0.48
8046	0.48
8047	0.28
8048	0.82
8049	0.62
8050	0.57
8051	0.32
8052	0.55
8053	0.12
8054	0.82
8055	0.62
8056	0.4
8057	0.79
8058	0.39
8059	0.13
8060	0.8
8061	0.23
8062	0.32
8063	0.36
8064	0.38
8065	0.28
8066	0.76
8067	0.73
8068	0.28
8069	0.31
8070	0.71
8071	0.45
8072	0.21
8073	0.61
8074	0.8
8075	0.65
8076	0.81
8077	0.53
8078	0.71
8079	0.73
8080	0.22
8081	0.36
8082	0.25
8083	0.65
8084	0.42
8085	0.85
8086	0.6
8087	0.25
8088	1.12
8089	0.83
8090	0.8
8091	0.42
8092	0.9
8093	0.65
8094	0.65
8095	0.6
8096	0.63
8097	0.55
8098	0.03
8099	0.37
8100	0.88
8101	0.42
8102	0.61
8103	0.52
8104	1.14
8105	0.54
8106	0.28
8107	0.14
8108	0.66
8109	0.63
8110	0.38
8111	1.04
8112	0.56
8113	0.72
8114	0.36
8115	0.02
8116	0.31
8117	0.8
8118	0.38
8119	0.8
8120	0.45
8121	0.33
8122	0.84
8123	0.41
8124	0.4
8125	0.4
8126	0.48
8127	0.55
8128	0.08
8129	1.1
8130	0.61
8131	0.62
8132	0.55
8133	0.24
8134	0.16
8135	0.82
8136	0.53
8137	0.7
8138	0.43
8139	0.38
8140	0.59
8141	0.65
8142	0.69
8143	1.03
8144	0.41
8145	0.06
8146	0.3
8147	0.22
8148	0.28
8149	0.63
8150	0.67
8151	0.29
8152	0.7
8153	0.45
8154	0.43
8155	0.24
8156	0.54
8157	0.15
8158	0.78
8159	0.64
8160	0.19
8161	0.73
8162	0.68
8163	0.89
8164	0.17
8165	0.29
8166	0.65
8167	0.65
8168	0.24
8169	0.67
8170	0.23
8171	0.04
8172	0.18
8173	0.62
8174	0.59
8175	0.51
8176	0.48
8177	0.57
8178	0.49
8179	0.47
8180	0.53
8181	0.31
8182	0.55
8183	1.09
8184	0.6
8185	0.15
8186	0.45
8187	0.59
8188	0.11
8189	0.89
8190	0.71
8191	0.51
8192	0.29
8193	0.67
8194	0.17
8195	0.41
8196	0.61
8197	0.44
8198	0.29
8199	0.18
8200	0.7
8201	0.17
8202	0.6
8203	0.47
8204	0.99
8205	0.07
8206	0.41
8207	0.16
8208	0.55
8209	0.37
8210	0.81
8211	0.14
8212	0.38
8213	0.37
8214	0.59
8215	0.31
8216	0.21
8217	0.4
8218	0.74
8219	0.31
8220	0.54
8221	0.32
8222	0.41
8223	0.53
8224	0.67
8225	0.91
8226	0.21
8227	0.57
8228	0.41
8229	0.62
8230	0.55
8231	0.61
8232	0.66
8233	0.45
8234	0.52
8235	0.65
8236	0.91
8237	0.53
8238	0.51
8239	0.57
8240	0.38
8241	0.71
8242	0.38
8243	0.58
8244	0.92
8245	0.16
8246	0.48
8247	0.78
8248	0.3
8249	0.4
8250	0.32
8251	0.58
8252	0.92
8253	0.58
8254	0.34
8255	0.35
8256	0.4
8257	0.75
8258	0.25
8259	0.17
8260	0.43
8261	0.75
8262	0.01
8263	0.39
8264	0.69
8265	0.87
8266	0.82
8267	0.17
8268	0.45
8269	0.54
8270	0.76
8271	0.74
8272	0.8
8273	0.25
8274	0.55
8275	0.62
8276	0.49
8277	0.07
8278	0.92
8279	1.05
8280	0.83
8281	0.12
8282	0.48
8283	0.36
8284	0.61
8285	0.66
8286	0.85
8287	0.87
8288	0.86
8289	0.49
8290	0.22
8291	0.1
8292	0.1
8293	1.11
8294	0.56
8295	0.63
8296	1.0
8297	0.61
