0	0.88
1	2.01
2	3.13
3	2.06
4	2.37
5	1.68
6	1.49
7	1.45
8	0.75
9	1.3
10	1.78
11	1.71
12	1.55
13	1.56
14	1.81
15	1.32
16	0.88
17	1.07
18	1.42
19	2.9
20	0.61
21	2.69
22	2.05
23	2.95
24	2.01
25	1.9
26	1.34
27	1.27
28	1.85
29	0.34
30	0.45
31	1.79
32	0.8
33	1.01
34	1.81
35	0.22
36	1.65
37	1.63
38	0.42
39	0.16
40	0.98
41	0.93
42	2.06
43	0.88
44	2.83
45	1.37
46	1.11
47	1.16
48	1.74
49	2.14
50	3.57
51	0.88
52	1.96
53	1.73
54	2.97
55	2.05
56	2.13
57	1.42
58	1.76
59	0.84
60	2.24
61	1.57
62	0.46
63	0.35
64	0.47
65	1.54
66	1.02
67	0.41
68	1.92
69	2.12
70	1.48
71	0.27
72	2.36
73	0.26
74	0.85
75	1.64
76	2.04
77	2.49
78	2.4
79	0.79
80	0.65
81	2.24
82	1.86
83	1.96
84	0.68
85	1.55
86	1.77
87	1.82
88	2.46
89	1.89
90	1.71
91	2.36
92	2.36
93	1.2
94	1.17
95	0.76
96	2.3
97	2.71
98	1.89
99	2.04
100	0.48
101	1.79
102	0.59
103	0.96
104	1.23
105	1.68
106	1.88
107	3.0
108	2.23
109	1.78
110	2.83
111	1.04
112	2.11
113	0.02
114	2.17
115	1.3
116	1.0
117	2.15
118	0.96
119	1.2
120	2.14
121	2.87
122	0.18
123	2.28
124	2.28
125	0.62
126	3.34
127	1.75
128	0.39
129	1.58
130	0.61
131	2.57
132	1.5
133	1.04
134	0.83
135	1.24
136	1.6
137	1.59
138	1.6
139	0.81
140	3.54
141	2.18
142	1.02
143	0.59
144	1.3
145	0.5
146	3.13
147	2.62
148	0.81
149	2.08
150	1.8
151	0.82
152	2.45
153	0.29
154	1.07
155	1.96
156	0.23
157	1.7
158	3.42
159	0.05
160	2.05
161	0.27
162	1.2
163	1.98
164	1.37
165	0.34
166	0.58
167	0.71
168	2.44
169	1.04
170	1.8
171	1.56
172	0.31
173	1.71
174	0.95
175	1.9
176	1.99
177	1.48
178	3.63
179	1.1
180	0.84
181	1.23
182	1.46
183	1.48
184	1.51
185	1.53
186	1.5
187	0.5
188	1.9
189	2.9
190	2.11
191	1.13
192	0.0
193	0.86
194	0.84
195	0.23
196	2.24
197	0.8
198	0.67
199	1.63
200	3.21
201	0.41
202	1.92
203	1.57
204	1.21
205	2.43
206	0.51
207	0.99
208	1.84
209	0.37
210	1.53
211	2.17
212	2.45
213	1.29
214	1.02
215	1.29
216	0.97
217	0.77
218	1.77
219	1.68
220	1.66
221	1.79
222	0.83
223	1.91
224	2.3
225	0.88
226	0.67
227	2.52
228	3.79
229	2.32
230	0.32
231	2.38
232	1.77
233	1.46
234	0.36
235	0.34
236	2.04
237	1.28
238	1.25
239	1.42
240	2.43
241	1.85
242	2.68
243	0.25
244	1.47
245	2.05
246	0.98
247	1.31
248	1.87
249	1.88
250	1.8
251	1.69
252	1.69
253	2.09
254	1.98
255	1.27
256	3.2
257	1.21
258	1.42
259	2.41
260	0.9
261	2.82
262	1.72
263	0.89
264	1.29
265	1.52
266	2.31
267	0.87
268	0.58
269	0.62
270	2.4
271	2.42
272	2.21
273	2.08
274	3.37
275	2.86
276	1.07
277	2.84
278	3.0
279	1.89
280	1.61
281	2.09
282	1.14
283	1.52
284	2.27
285	1.25
286	2.46
287	2.24
288	1.54
289	1.28
290	1.63
291	1.67
292	2.4
293	2.16
294	1.13
295	4.29
296	1.29
297	1.01
298	2.93
299	3.1
300	2.86
301	1.45
302	1.51
303	0.6
304	0.73
305	3.81
306	0.93
307	1.28
308	2.34
309	0.41
310	2.26
311	0.95
312	2.14
313	2.41
314	0.96
315	0.6
316	3.05
317	1.49
318	2.42
319	2.13
320	0.45
321	0.82
322	0.45
323	1.59
324	0.21
325	1.43
326	0.71
327	1.25
328	0.97
329	2.21
330	1.56
331	1.68
332	1.0
333	0.33
334	0.55
335	1.67
336	1.82
337	0.34
338	1.63
339	0.01
340	1.21
341	2.16
342	3.52
343	1.69
344	0.6
345	1.48
346	2.63
347	0.29
348	0.64
349	1.49
350	1.13
351	1.49
352	1.82
353	0.2
354	1.12
355	1.71
356	1.31
357	2.52
358	1.55
359	0.72
360	0.17
361	1.95
362	1.02
363	2.26
364	2.22
365	0.91
366	2.6
367	1.93
368	2.15
369	1.71
370	2.22
371	2.46
372	3.55
373	1.66
374	1.4
375	0.52
376	0.39
377	2.21
378	0.93
379	2.49
380	1.27
381	2.23
382	1.52
383	1.85
384	1.22
385	3.35
386	3.1
387	2.3
388	2.61
389	2.11
390	1.25
391	0.28
392	0.78
393	1.55
394	1.29
395	1.88
396	1.91
397	3.66
398	1.47
399	1.94
400	0.71
401	2.19
402	1.01
403	2.4
404	1.93
405	2.28
406	1.36
407	0.14
408	2.82
409	2.8
410	1.02
411	2.22
412	2.32
413	1.64
414	1.35
415	1.09
416	1.8
417	0.17
418	1.3
419	2.32
420	2.08
421	0.78
422	0.9
423	0.63
424	0.7
425	0.9
426	1.68
427	2.15
428	0.43
429	0.72
430	2.19
431	0.53
432	3.08
433	0.98
434	1.09
435	4.22
436	1.99
437	1.85
438	0.45
439	0.96
440	1.88
441	0.35
442	0.09
443	0.73
444	2.79
445	1.44
446	1.84
447	0.18
448	0.52
449	1.85
450	2.15
451	1.99
452	1.64
453	1.91
454	2.39
455	2.81
456	2.4
457	2.56
458	0.57
459	2.61
460	2.11
461	1.29
462	2.3
463	1.49
464	0.65
465	2.16
466	1.77
467	0.67
468	1.36
469	2.64
470	0.5
471	0.55
472	1.11
473	0.16
474	2.19
475	1.62
476	1.97
477	0.49
478	1.47
479	1.61
480	1.87
481	1.21
482	0.92
483	0.19
484	1.68
485	2.15
486	0.54
487	2.34
488	2.29
489	1.25
490	1.58
491	2.19
492	1.39
493	0.58
494	1.32
495	0.2
496	1.23
497	2.82
498	1.08
499	1.86
500	1.76
501	2.71
502	0.73
503	0.52
504	1.3
505	1.64
506	1.98
507	2.72
508	0.68
509	1.92
510	2.67
511	0.92
512	1.8
513	3.63
514	0.91
515	0.16
516	3.38
517	1.71
518	2.22
519	1.67
520	1.29
521	2.7
522	0.23
523	1.22
524	0.86
525	2.95
526	0.65
527	0.48
528	0.12
529	0.69
530	2.03
531	2.9
532	0.46
533	3.1
534	2.64
535	1.52
536	1.32
537	2.86
538	2.47
539	1.26
540	1.31
541	0.16
542	1.27
543	1.7
544	0.89
545	0.95
546	0.14
547	1.35
548	0.38
549	2.2
550	2.31
551	0.14
552	2.01
553	1.27
554	2.32
555	5.36
556	0.2
557	0.68
558	2.52
559	1.03
560	1.12
561	0.4
562	0.34
563	2.35
564	1.09
565	2.34
566	2.01
567	2.48
568	0.23
569	1.98
570	3.21
571	1.68
572	1.23
573	2.16
574	2.42
575	1.19
576	2.73
577	1.11
578	1.7
579	1.6
580	0.55
581	1.76
582	2.15
583	2.05
584	2.12
585	4.0
586	1.84
587	2.79
588	2.06
589	0.4
590	2.06
591	1.85
592	0.51
593	1.16
594	0.88
595	1.24
596	2.31
597	1.49
598	0.9
599	1.86
600	2.4
601	0.98
602	2.32
603	1.57
604	2.21
605	2.73
606	2.05
607	1.37
608	1.71
609	1.65
610	0.31
611	1.92
612	1.37
613	2.13
614	2.33
615	0.85
616	1.05
617	2.51
618	1.45
619	0.5
620	1.31
621	3.29
622	1.88
623	0.05
624	1.35
625	2.48
626	0.2
627	2.24
628	0.13
629	1.92
630	1.27
631	2.45
632	2.5
633	2.37
634	0.41
635	0.19
636	1.78
637	1.36
638	0.91
639	2.2
640	1.75
641	0.73
642	1.41
643	2.0
644	1.56
645	0.73
646	0.32
647	0.65
648	0.3
649	1.12
650	2.28
651	2.6
652	1.79
653	0.79
654	2.48
655	2.46
656	0.21
657	0.44
658	3.02
659	0.51
660	0.51
661	0.33
662	0.99
663	0.17
664	2.71
665	0.38
666	0.65
667	3.05
668	2.93
669	3.18
670	1.46
671	2.47
672	1.44
673	1.01
674	2.05
675	0.99
676	2.38
677	0.68
678	0.58
679	0.96
680	1.03
681	0.5
682	0.78
683	1.92
684	3.03
685	2.2
686	0.46
687	0.21
688	1.65
689	3.64
690	0.45
691	2.06
692	2.08
693	1.75
694	0.42
695	1.63
696	0.98
697	0.62
698	0.4
699	0.9
700	2.25
701	2.3
702	1.53
703	0.69
704	3.28
705	1.63
706	2.24
707	1.11
708	0.73
709	0.72
710	0.22
711	3.2
712	3.36
713	0.66
714	0.26
715	2.96
716	2.29
717	1.56
718	1.47
719	1.17
720	1.87
721	0.83
722	1.53
723	2.13
724	2.85
725	0.71
726	3.08
727	1.2
728	2.18
729	0.5
730	2.2
731	1.29
732	1.01
733	2.86
734	1.4
735	0.87
736	1.2
737	0.65
738	0.48
739	2.56
740	2.45
741	2.29
742	3.05
743	3.51
744	0.84
745	1.32
746	2.0
747	0.44
748	0.28
749	2.03
750	1.47
751	0.82
752	2.23
753	2.93
754	1.02
755	1.81
756	2.53
757	0.24
758	1.17
759	1.12
760	0.51
761	1.98
762	2.01
763	1.95
764	0.66
765	1.49
766	1.9
767	1.77
768	0.42
769	1.88
770	1.2
771	2.14
772	1.8
773	2.78
774	0.92
775	1.28
776	0.37
777	1.29
778	1.69
779	2.22
780	0.46
781	2.01
782	1.29
783	0.66
784	1.02
785	1.5
786	0.35
787	1.65
788	1.15
789	3.43
790	1.91
791	0.46
792	1.14
793	1.5
794	2.57
795	1.29
796	1.79
797	3.48
798	1.29
799	2.15
800	2.15
801	0.99
802	0.44
803	2.12
804	0.55
805	0.71
806	0.03
807	1.42
808	1.31
809	3.82
810	2.43
811	0.99
812	1.87
813	2.61
814	1.33
815	3.32
816	1.44
817	0.93
818	1.23
819	1.45
820	3.29
821	1.05
822	2.62
823	0.9
824	1.66
825	1.46
826	2.92
827	2.35
828	1.51
829	0.82
830	0.4
831	0.26
832	0.99
833	0.05
834	1.8
835	2.19
836	1.59
837	0.95
838	2.32
839	0.06
840	3.23
841	1.47
842	1.23
843	2.16
844	1.79
845	1.31
846	1.18
847	1.18
848	1.68
849	2.35
850	2.72
851	0.97
852	0.86
853	1.58
854	1.04
855	1.85
856	0.57
857	1.57
858	2.68
859	1.04
860	1.24
861	1.11
862	0.54
863	2.29
864	0.64
865	2.05
866	3.12
867	2.71
868	2.07
869	1.19
870	0.86
871	0.64
872	1.22
873	1.14
874	3.15
875	2.63
876	1.98
877	2.84
878	1.52
879	1.71
880	1.8
881	1.88
882	1.79
883	2.02
884	1.88
885	2.13
886	3.23
887	0.96
888	0.68
889	1.0
890	0.53
891	0.5
892	2.25
893	0.43
894	1.36
895	0.96
896	1.18
897	1.54
898	1.4
899	0.73
900	1.37
901	1.65
902	1.25
903	3.01
904	1.68
905	3.0
906	1.25
907	1.58
908	3.63
909	0.61
910	1.39
911	1.37
912	2.06
913	1.81
914	0.28
915	2.18
916	0.26
917	2.05
918	1.19
919	1.4
920	1.52
921	1.49
922	1.58
923	0.6
924	1.33
925	3.35
926	1.41
927	1.41
928	2.69
929	3.12
930	2.6
931	0.79
932	2.46
933	1.52
934	1.07
935	0.17
936	2.79
937	1.54
938	0.88
939	1.89
940	0.79
941	2.29
942	0.57
943	1.7
944	1.15
945	2.58
946	0.94
947	1.34
948	0.6
949	1.81
950	2.83
951	0.14
952	0.77
953	1.25
954	3.84
955	2.82
956	1.17
957	0.75
958	0.16
959	2.43
960	2.02
961	0.64
962	1.6
963	0.77
964	1.52
965	3.11
966	0.61
967	2.91
968	1.45
969	2.7
970	2.91
971	1.96
972	0.9
973	1.61
974	1.64
975	2.68
976	1.92
977	2.04
978	1.18
979	1.01
980	1.36
981	2.46
982	2.36
983	2.39
984	1.24
985	1.09
986	1.18
987	0.37
988	1.38
989	0.51
990	1.19
991	1.17
992	1.58
993	1.29
994	0.57
995	1.97
996	0.73
997	1.35
998	1.79
999	0.12
1000	2.98
1001	2.71
1002	1.79
1003	0.92
1004	2.13
1005	1.33
1006	1.95
1007	2.73
1008	0.64
1009	0.2
1010	1.63
1011	1.56
1012	1.27
1013	2.8
1014	1.48
1015	2.65
1016	1.01
1017	1.98
1018	1.61
1019	1.02
1020	1.67
1021	2.05
1022	1.23
1023	2.02
1024	1.5
1025	2.62
1026	1.19
1027	1.68
1028	1.03
1029	0.98
1030	1.94
1031	2.34
1032	1.84
1033	1.91
1034	2.07
1035	2.13
1036	1.91
1037	1.19
1038	0.94
1039	1.79
1040	1.81
1041	0.78
1042	0.22
1043	2.22
1044	1.54
1045	0.68
1046	2.21
1047	0.49
1048	1.74
1049	1.02
1050	0.55
1051	2.71
1052	0.43
1053	1.06
1054	1.61
1055	2.31
1056	1.73
1057	1.13
1058	1.44
1059	0.58
1060	1.78
1061	0.79
1062	1.19
1063	1.3
1064	2.2
1065	0.36
1066	1.56
1067	1.62
1068	3.2
1069	1.5
1070	2.39
1071	1.74
1072	0.57
1073	1.29
1074	2.85
1075	0.73
1076	1.33
1077	1.88
1078	2.64
1079	2.94
1080	1.67
1081	2.44
1082	3.13
1083	1.66
1084	3.84
1085	0.82
1086	0.57
1087	2.63
1088	0.12
1089	0.11
1090	3.03
1091	0.15
1092	0.53
1093	0.87
1094	0.96
1095	1.89
1096	3.93
1097	0.36
1098	2.57
1099	1.05
1100	0.77
1101	0.94
1102	2.68
1103	2.42
1104	2.37
1105	1.62
1106	0.65
1107	0.82
1108	0.48
1109	1.18
1110	1.33
1111	1.84
1112	1.23
1113	3.32
1114	2.05
1115	3.68
1116	2.38
1117	1.33
1118	2.53
1119	0.75
1120	2.33
1121	1.28
1122	1.08
1123	0.87
1124	1.53
1125	0.87
1126	1.12
1127	3.31
1128	0.35
1129	2.28
1130	2.45
1131	0.9
1132	1.74
1133	0.8
1134	1.28
1135	1.6
1136	1.94
1137	0.21
1138	2.07
1139	1.32
1140	1.93
1141	1.61
1142	0.62
1143	0.68
1144	2.06
1145	2.22
1146	1.59
1147	0.58
1148	0.4
1149	3.17
1150	1.02
1151	0.92
1152	2.09
1153	0.8
1154	3.55
1155	1.76
1156	1.95
1157	0.27
1158	1.96
1159	1.11
1160	0.96
1161	1.5
1162	2.35
1163	0.21
1164	2.69
1165	1.87
1166	0.81
1167	2.09
1168	1.24
1169	0.89
1170	0.55
1171	2.65
1172	1.83
1173	0.43
1174	3.21
1175	2.4
1176	1.22
1177	1.44
1178	1.59
1179	0.87
1180	0.26
1181	0.71
1182	2.05
1183	0.69
1184	1.91
1185	1.88
1186	0.12
1187	1.34
1188	2.56
1189	1.18
1190	3.96
1191	0.55
1192	1.62
1193	2.01
1194	1.78
1195	1.54
1196	2.85
1197	0.84
1198	0.64
1199	2.56
1200	2.19
1201	2.14
1202	1.27
1203	0.78
1204	1.94
1205	1.0
1206	1.56
1207	1.82
1208	3.21
1209	3.67
1210	0.72
1211	1.31
1212	0.87
1213	1.31
1214	1.6
1215	1.61
1216	2.88
1217	2.48
1218	1.91
1219	3.28
1220	1.42
1221	1.06
1222	1.13
1223	1.43
1224	0.5
1225	1.01
1226	2.63
1227	1.76
1228	1.26
1229	1.73
1230	1.27
1231	0.6
1232	2.22
1233	2.07
1234	0.3
1235	2.01
1236	1.16
1237	0.52
1238	2.08
1239	1.67
1240	2.48
1241	1.85
1242	1.42
1243	2.96
1244	1.68
1245	2.49
1246	1.93
1247	0.62
1248	0.89
1249	1.44
1250	1.1
1251	1.16
1252	1.94
1253	1.33
1254	3.32
1255	2.25
1256	1.45
1257	1.54
1258	1.44
1259	2.02
1260	1.75
1261	0.59
1262	2.15
1263	0.71
1264	1.93
1265	0.26
1266	0.42
1267	0.14
1268	1.96
1269	2.03
1270	1.28
1271	0.28
1272	1.31
1273	2.15
1274	1.94
1275	0.7
1276	2.73
1277	1.78
1278	2.75
1279	2.73
1280	0.58
1281	0.63
1282	0.88
1283	1.31
1284	2.53
1285	2.53
1286	3.69
1287	1.7
1288	0.32
1289	4.39
1290	1.16
1291	1.5
1292	1.18
1293	0.68
1294	1.73
1295	3.59
1296	2.76
1297	2.61
1298	0.63
1299	1.33
1300	0.0
1301	0.06
1302	1.81
1303	1.67
1304	1.33
1305	2.41
1306	0.65
1307	2.06
1308	1.97
1309	1.23
1310	0.55
1311	1.47
1312	1.87
1313	1.3
1314	1.78
1315	0.04
1316	0.33
1317	1.45
1318	1.35
1319	0.56
1320	1.77
1321	1.13
1322	2.01
1323	1.4
1324	0.56
1325	2.21
1326	0.68
1327	0.8
1328	3.51
1329	1.02
1330	1.86
1331	0.16
1332	1.55
1333	2.06
1334	2.24
1335	2.33
1336	1.47
1337	0.51
1338	4.22
1339	1.26
1340	1.62
1341	1.89
1342	3.02
1343	2.07
1344	0.68
1345	0.83
1346	0.74
1347	0.89
1348	2.04
1349	1.56
1350	0.9
1351	0.68
1352	0.52
1353	1.95
1354	3.04
1355	2.22
1356	1.08
1357	2.67
1358	0.22
1359	0.85
1360	1.88
1361	1.3
1362	2.65
1363	1.49
1364	1.08
1365	2.4
1366	1.08
1367	1.03
1368	2.17
1369	0.25
1370	2.55
1371	1.59
1372	1.32
1373	2.39
1374	1.49
1375	2.05
1376	2.59
1377	2.02
1378	2.21
1379	1.03
1380	0.02
1381	1.56
1382	1.13
1383	0.11
1384	2.15
1385	1.49
1386	1.51
1387	1.67
1388	1.06
1389	1.24
1390	1.05
1391	2.22
1392	1.44
1393	0.71
1394	3.51
1395	2.36
1396	3.35
1397	2.84
1398	2.11
1399	3.19
1400	1.46
1401	1.47
1402	1.39
1403	3.14
1404	0.78
1405	0.73
1406	2.16
1407	2.87
1408	1.31
1409	2.89
1410	1.55
1411	1.78
1412	2.39
1413	1.96
1414	0.94
1415	2.74
1416	1.62
1417	2.06
1418	1.56
1419	2.0
1420	1.66
1421	2.04
1422	2.79
1423	1.13
1424	1.78
1425	0.64
1426	4.51
1427	2.25
1428	1.29
1429	2.11
1430	0.81
1431	1.52
1432	2.03
1433	1.74
1434	1.23
1435	1.45
1436	1.13
1437	0.21
1438	2.68
1439	0.56
1440	1.1
1441	0.26
1442	1.2
1443	1.88
1444	2.7
1445	1.95
1446	1.12
1447	3.0
1448	1.91
1449	1.05
1450	0.41
1451	1.58
1452	3.24
1453	0.55
1454	0.4
1455	2.84
1456	2.25
1457	0.26
1458	1.54
1459	2.19
1460	1.18
1461	1.56
1462	2.77
1463	2.0
1464	0.22
1465	0.3
1466	1.93
1467	1.57
1468	1.91
1469	2.33
1470	0.77
1471	1.65
1472	0.13
1473	0.91
1474	3.16
1475	3.17
1476	0.58
1477	2.21
1478	1.52
1479	2.05
1480	0.43
1481	1.24
1482	1.91
1483	1.02
1484	3.76
1485	1.64
1486	2.93
1487	0.9
1488	1.5
1489	2.36
1490	2.54
1491	1.31
1492	1.02
1493	2.32
1494	0.8
1495	0.24
1496	2.84
1497	2.0
1498	1.87
1499	1.03
1500	2.29
1501	0.33
1502	1.21
1503	1.8
1504	1.58
1505	3.54
1506	2.79
1507	1.98
1508	2.33
1509	3.21
1510	2.82
1511	0.62
1512	1.86
1513	1.96
1514	0.44
1515	1.59
1516	0.77
1517	1.96
1518	1.31
1519	0.34
1520	0.73
1521	1.82
1522	2.0
1523	1.08
1524	0.78
1525	0.81
1526	2.31
1527	0.97
1528	1.78
1529	1.22
1530	1.91
1531	0.4
1532	1.48
1533	1.59
1534	1.15
1535	0.59
1536	1.28
1537	2.81
1538	2.5
1539	0.88
1540	0.18
1541	0.71
1542	0.62
1543	1.9
1544	1.28
1545	0.39
1546	1.91
1547	1.28
1548	1.04
1549	1.58
1550	1.84
1551	1.77
1552	1.67
1553	1.19
1554	1.47
1555	1.92
1556	0.49
1557	2.32
1558	1.38
1559	0.35
1560	1.78
1561	2.15
1562	1.33
1563	3.13
1564	0.82
1565	2.19
1566	1.9
1567	3.18
1568	0.19
1569	2.26
1570	1.06
1571	0.06
1572	2.33
1573	2.5
1574	1.09
1575	1.26
1576	3.23
1577	0.71
1578	0.02
1579	0.68
1580	1.22
1581	1.03
1582	2.67
1583	1.43
1584	2.58
1585	1.47
1586	2.38
1587	2.22
1588	1.6
1589	0.55
1590	0.14
1591	0.1
1592	2.91
1593	0.16
1594	1.42
1595	1.21
1596	0.89
1597	1.79
1598	0.45
1599	3.42
1600	2.18
1601	2.26
1602	2.41
1603	0.85
1604	1.69
1605	1.09
1606	2.34
1607	2.16
1608	2.82
1609	0.89
1610	0.98
1611	2.82
1612	1.71
1613	2.75
1614	2.32
1615	1.92
1616	2.31
1617	1.02
1618	2.17
1619	1.34
1620	2.74
1621	2.97
1622	1.56
1623	1.94
1624	1.23
1625	0.27
1626	2.39
1627	0.68
1628	1.35
1629	1.35
1630	0.27
1631	1.73
1632	0.5
1633	2.39
1634	1.91
1635	0.76
1636	1.44
1637	0.12
1638	1.91
1639	1.72
1640	0.78
1641	0.94
1642	1.3
1643	1.33
1644	1.82
1645	3.14
1646	2.66
1647	0.71
1648	1.63
1649	2.36
1650	2.14
1651	2.8
1652	0.18
1653	2.48
1654	1.96
1655	2.57
1656	1.4
1657	1.69
1658	1.37
1659	1.74
1660	0.88
1661	2.37
1662	0.58
1663	1.66
1664	2.74
1665	0.07
1666	1.07
1667	0.18
1668	0.75
1669	2.99
1670	0.45
1671	2.93
1672	1.64
1673	2.31
1674	0.55
1675	0.9
1676	0.87
1677	1.48
1678	1.31
1679	2.87
1680	0.49
1681	0.47
1682	1.6
1683	2.32
1684	2.37
1685	0.95
1686	2.9
1687	1.43
1688	1.54
1689	2.25
1690	2.38
1691	1.74
1692	0.46
1693	1.74
1694	3.06
1695	2.45
1696	0.69
1697	1.59
1698	2.31
1699	1.72
1700	2.82
1701	2.11
1702	1.16
1703	2.04
1704	0.13
1705	1.17
1706	1.03
1707	1.36
1708	1.12
1709	0.98
1710	0.24
1711	1.91
1712	1.95
1713	3.03
1714	1.01
1715	0.54
1716	0.55
1717	1.53
1718	0.68
1719	0.97
1720	2.91
1721	0.93
1722	1.56
1723	2.03
1724	0.97
1725	0.62
1726	3.4
1727	0.42
1728	2.77
1729	0.22
1730	0.4
1731	0.35
1732	0.05
1733	1.43
1734	2.19
1735	2.01
1736	2.64
1737	1.48
1738	1.88
1739	1.53
1740	1.08
1741	0.72
1742	1.79
1743	3.3
1744	1.43
1745	0.04
1746	1.17
1747	1.58
1748	1.07
1749	1.08
1750	1.6
1751	1.53
1752	1.97
1753	1.63
1754	2.05
1755	3.15
1756	0.6
1757	1.13
1758	1.14
1759	2.37
1760	1.98
1761	3.01
1762	0.82
1763	0.29
1764	2.03
1765	3.23
1766	1.97
1767	1.55
1768	2.12
1769	1.8
1770	2.0
1771	0.97
1772	2.05
1773	3.48
1774	1.96
1775	0.9
1776	3.04
1777	0.1
1778	1.3
1779	1.52
1780	2.67
1781	1.81
1782	0.8
1783	1.56
1784	0.89
1785	2.89
1786	0.15
1787	1.82
1788	1.41
1789	0.74
1790	0.62
1791	1.64
1792	1.34
1793	0.46
1794	1.17
1795	1.63
1796	1.58
1797	1.39
1798	0.14
1799	2.26
1800	0.67
1801	0.12
1802	1.08
1803	1.18
1804	1.39
1805	0.32
1806	0.36
1807	1.25
1808	1.88
1809	0.57
1810	0.32
1811	2.05
1812	2.32
1813	0.77
1814	1.55
1815	1.35
1816	1.69
1817	2.17
1818	0.66
1819	1.77
1820	1.52
1821	2.11
1822	2.94
1823	2.33
1824	0.43
1825	2.42
1826	0.94
1827	1.69
1828	0.98
1829	1.44
1830	1.6
1831	1.68
1832	0.75
1833	0.08
1834	1.76
1835	2.12
1836	2.08
1837	0.89
1838	0.81
1839	2.23
1840	1.7
1841	2.55
1842	0.5
1843	1.71
1844	2.07
1845	0.34
1846	0.12
1847	0.05
1848	2.95
1849	2.2
1850	0.93
1851	1.96
1852	2.12
1853	0.6
1854	0.55
1855	0.95
1856	2.29
1857	0.07
1858	1.54
1859	0.44
1860	1.99
1861	3.25
1862	1.26
1863	1.05
1864	0.71
1865	2.9
1866	1.66
1867	1.67
1868	1.26
1869	2.39
1870	2.89
1871	0.92
1872	1.7
1873	2.21
1874	1.74
1875	0.69
1876	1.55
1877	1.34
1878	0.95
1879	1.66
1880	1.47
1881	1.76
1882	1.93
1883	1.7
1884	1.11
1885	1.13
1886	0.83
1887	0.57
1888	0.95
1889	0.74
1890	1.72
1891	3.55
1892	1.93
1893	0.49
1894	0.49
1895	0.77
1896	0.94
1897	1.52
1898	2.1
1899	0.61
1900	3.25
1901	2.12
1902	0.8
1903	2.7
1904	1.58
1905	0.54
1906	1.43
1907	4.35
1908	1.84
1909	1.59
1910	2.5
1911	1.29
1912	1.25
1913	0.8
1914	3.75
1915	1.63
1916	1.37
1917	1.65
1918	0.13
1919	2.22
1920	2.0
1921	1.03
1922	2.83
1923	0.13
1924	0.81
1925	0.32
1926	0.28
1927	1.15
1928	0.38
1929	1.17
1930	1.3
1931	0.14
1932	1.92
1933	1.61
1934	0.77
1935	1.2
1936	1.68
1937	2.13
1938	2.07
1939	2.13
1940	1.64
1941	1.44
1942	2.16
1943	2.43
1944	0.93
1945	2.2
1946	0.58
1947	1.74
1948	2.05
1949	3.66
1950	3.41
1951	0.24
1952	1.45
1953	2.59
1954	3.24
1955	1.67
1956	1.97
1957	2.02
1958	2.29
1959	3.31
1960	1.19
1961	1.91
1962	3.25
1963	2.81
1964	2.87
1965	2.09
1966	0.43
1967	1.55
1968	1.88
1969	1.47
1970	2.16
1971	0.07
1972	1.17
1973	0.48
1974	2.76
1975	0.36
1976	1.89
1977	0.3
1978	1.49
1979	0.99
1980	0.25
1981	2.38
1982	1.84
1983	2.93
1984	2.72
1985	2.12
1986	1.54
1987	1.32
1988	3.33
1989	2.55
1990	1.98
1991	1.94
1992	0.4
1993	1.71
1994	1.89
1995	2.95
1996	2.59
1997	2.81
1998	0.34
1999	2.96
2000	2.09
2001	0.73
2002	1.94
2003	0.94
2004	1.03
2005	3.04
2006	1.29
2007	2.14
2008	1.66
2009	2.01
2010	1.75
2011	1.76
2012	1.32
2013	1.27
2014	2.64
2015	0.2
2016	2.02
2017	2.87
2018	1.35
2019	0.57
2020	0.71
2021	2.41
2022	3.04
2023	1.7
2024	1.61
2025	2.67
2026	1.06
2027	0.57
2028	1.9
2029	1.84
2030	2.7
2031	2.32
2032	2.06
2033	1.7
2034	0.9
2035	1.74
2036	0.45
2037	1.23
2038	1.31
2039	1.96
2040	1.16
2041	1.2
2042	0.44
2043	2.28
2044	1.29
2045	2.02
2046	1.13
2047	0.87
2048	2.42
2049	1.6
2050	0.36
2051	0.67
2052	1.38
2053	0.76
2054	1.78
2055	0.9
2056	2.43
2057	2.13
2058	0.42
2059	1.13
2060	1.51
2061	1.13
2062	1.81
2063	1.09
2064	2.79
2065	1.2
2066	1.41
2067	0.39
2068	0.8
2069	0.0
2070	1.4
2071	0.51
2072	1.87
2073	0.24
2074	0.08
2075	0.84
2076	2.23
2077	1.54
2078	1.94
2079	1.85
2080	2.11
2081	1.89
2082	1.65
2083	3.4
2084	2.05
2085	2.13
2086	2.17
2087	1.18
2088	0.64
2089	1.99
2090	1.3
2091	0.09
2092	1.08
2093	0.82
2094	0.46
2095	1.16
2096	1.47
2097	2.53
2098	0.82
2099	0.94
2100	2.79
2101	0.95
2102	0.94
2103	1.72
2104	0.7
2105	0.64
2106	1.17
2107	0.84
2108	0.82
2109	2.39
2110	0.71
2111	1.63
2112	1.73
2113	1.68
2114	1.34
2115	3.96
2116	2.88
2117	2.64
2118	1.55
2119	0.31
2120	2.43
2121	0.9
2122	2.39
2123	0.75
2124	2.95
2125	2.15
2126	1.16
2127	2.55
2128	1.57
2129	0.86
2130	0.77
2131	0.74
2132	1.0
2133	2.18
2134	1.8
2135	1.73
2136	1.9
2137	0.34
2138	1.07
2139	2.38
2140	2.19
2141	0.37
2142	1.11
2143	1.15
2144	2.62
2145	2.32
2146	1.27
2147	2.24
2148	0.7
2149	2.3
2150	3.87
2151	1.53
2152	3.13
2153	1.99
2154	1.64
2155	3.78
2156	0.81
2157	3.09
2158	0.7
2159	1.65
2160	2.64
2161	2.5
2162	0.2
2163	1.05
2164	0.82
2165	2.87
2166	1.62
2167	2.45
2168	2.6
2169	2.32
2170	1.84
2171	1.27
2172	0.01
2173	2.32
2174	2.7
2175	2.03
2176	0.24
2177	2.04
2178	1.08
2179	0.52
2180	2.05
2181	0.81
2182	0.99
2183	1.59
2184	1.81
2185	0.84
2186	0.17
2187	2.03
2188	2.48
2189	1.89
2190	1.55
2191	0.11
2192	1.81
2193	3.99
2194	0.39
2195	0.77
2196	2.49
2197	0.01
2198	0.36
2199	2.86
2200	0.99
2201	2.09
2202	2.32
2203	1.89
2204	2.32
2205	1.67
2206	2.4
2207	0.39
2208	0.21
2209	1.87
2210	1.57
2211	1.67
2212	0.52
2213	2.93
2214	1.99
2215	0.16
2216	0.25
2217	1.95
2218	1.18
2219	1.21
2220	1.35
2221	1.49
2222	1.24
2223	1.8
2224	0.65
2225	1.26
2226	1.97
2227	1.14
2228	3.74
2229	1.26
2230	1.45
2231	1.65
2232	1.77
2233	2.09
2234	0.81
2235	3.24
2236	3.02
2237	0.24
2238	1.22
2239	2.69
2240	1.07
2241	1.6
2242	1.06
2243	1.65
2244	2.27
2245	0.7
2246	3.66
2247	1.11
2248	2.57
2249	2.3
2250	1.25
2251	0.6
2252	0.59
2253	0.78
2254	0.53
2255	2.79
2256	2.36
2257	2.1
2258	3.64
2259	0.74
2260	0.04
2261	0.07
2262	1.66
2263	1.04
2264	1.78
2265	2.64
2266	1.86
2267	0.89
2268	0.01
2269	1.94
2270	3.36
2271	0.38
2272	1.46
2273	1.99
2274	2.5
2275	3.07
2276	0.5
2277	2.2
2278	0.78
2279	0.92
2280	1.35
2281	2.15
2282	2.74
2283	1.6
2284	0.63
2285	1.95
2286	1.31
2287	1.54
2288	1.82
2289	1.42
2290	1.78
2291	1.74
2292	1.69
2293	1.58
2294	1.64
2295	0.41
2296	3.07
2297	1.15
2298	0.55
2299	4.23
2300	1.15
2301	1.85
2302	0.46
2303	1.25
2304	2.44
2305	3.86
2306	1.89
2307	0.8
2308	0.3
2309	1.81
2310	2.01
2311	0.95
2312	0.53
2313	0.61
2314	1.17
2315	0.99
2316	2.92
2317	1.52
2318	0.57
2319	3.0
2320	1.96
2321	0.31
2322	0.8
2323	2.25
2324	1.79
2325	1.5
2326	0.27
2327	0.07
2328	1.57
2329	3.63
2330	1.56
2331	1.99
2332	1.44
2333	0.57
2334	2.5
2335	2.16
2336	2.7
2337	2.41
2338	1.68
2339	0.45
2340	1.53
2341	0.21
2342	1.49
2343	1.38
2344	0.24
2345	0.42
2346	0.68
2347	2.53
2348	1.24
2349	0.32
2350	1.79
2351	0.46
2352	1.34
2353	0.78
2354	0.45
2355	2.23
2356	0.93
2357	2.7
2358	2.1
2359	3.19
2360	2.24
2361	2.36
2362	1.88
2363	3.31
2364	2.22
2365	1.69
2366	3.25
2367	1.88
2368	1.28
2369	1.31
2370	1.44
2371	3.35
2372	1.83
2373	1.42
2374	1.22
2375	0.74
2376	1.23
2377	0.37
2378	1.7
2379	0.3
2380	3.71
2381	1.06
2382	2.25
2383	2.52
2384	1.57
2385	1.25
2386	0.94
2387	0.22
2388	0.47
2389	0.92
2390	0.78
2391	1.04
2392	0.39
2393	3.43
2394	1.94
2395	1.28
2396	0.9
2397	1.79
2398	1.47
2399	2.11
2400	3.14
2401	1.25
2402	0.68
2403	1.23
2404	1.57
2405	1.24
2406	1.35
2407	2.43
2408	1.93
2409	2.08
2410	2.8
2411	3.3
2412	2.43
2413	3.33
2414	0.84
2415	2.12
2416	2.53
2417	0.27
2418	1.33
2419	0.63
2420	0.74
2421	1.88
2422	0.67
2423	3.41
2424	0.17
2425	2.38
2426	1.46
2427	1.65
2428	2.98
2429	1.58
2430	1.76
2431	1.19
2432	2.92
2433	0.18
2434	3.74
2435	0.87
2436	0.77
2437	1.23
2438	1.96
2439	1.0
2440	0.73
2441	0.24
2442	0.96
2443	1.82
2444	2.29
2445	1.51
2446	0.88
2447	3.07
2448	1.32
2449	0.3
2450	1.83
2451	0.44
2452	0.75
2453	2.18
2454	1.41
2455	0.69
2456	0.91
2457	2.1
2458	4.05
2459	1.91
2460	2.74
2461	2.55
2462	1.95
2463	2.27
2464	0.71
2465	0.35
2466	2.32
2467	1.02
2468	2.0
2469	1.11
2470	2.5
2471	1.52
2472	1.64
2473	2.67
2474	0.79
2475	1.72
2476	1.33
2477	1.29
2478	3.49
2479	0.71
2480	1.01
2481	1.76
2482	1.87
2483	0.48
2484	3.27
2485	3.21
2486	2.41
2487	1.74
2488	3.38
2489	2.22
2490	1.63
2491	2.69
2492	2.0
2493	1.04
2494	1.97
2495	2.24
2496	2.19
2497	1.82
2498	1.3
2499	0.19
2500	0.82
2501	1.78
2502	2.28
2503	2.3
2504	1.05
2505	1.67
2506	0.46
2507	0.52
2508	1.45
2509	0.39
2510	0.78
2511	3.24
2512	3.61
2513	2.52
2514	1.4
2515	2.47
2516	2.93
2517	1.87
2518	0.76
2519	0.19
2520	0.97
2521	0.54
2522	1.6
2523	3.19
2524	3.31
2525	1.05
2526	1.7
2527	2.11
2528	2.02
2529	1.81
2530	0.93
2531	0.47
2532	1.0
2533	0.58
2534	0.46
2535	1.19
2536	1.75
2537	1.48
2538	0.28
2539	1.43
2540	0.03
2541	2.26
2542	0.73
2543	1.6
2544	0.68
2545	0.79
2546	3.38
2547	1.53
2548	0.57
2549	0.3
2550	0.69
2551	0.45
2552	2.01
2553	2.09
2554	0.3
2555	2.18
2556	2.11
2557	0.48
2558	2.64
2559	2.6
2560	1.89
2561	1.55
2562	1.33
2563	1.25
2564	1.87
2565	2.25
2566	0.33
2567	0.77
2568	2.55
2569	0.73
2570	0.8
2571	1.59
2572	0.67
2573	1.5
2574	0.07
2575	1.66
2576	1.6
2577	2.67
2578	0.38
2579	1.24
2580	2.04
2581	1.96
2582	1.28
2583	1.78
2584	3.76
2585	3.55
2586	1.59
2587	0.49
2588	1.2
2589	2.11
2590	0.76
2591	0.84
2592	1.64
2593	0.79
2594	0.96
2595	0.97
2596	1.38
2597	1.68
2598	1.8
2599	0.85
2600	1.26
2601	1.03
2602	1.68
2603	0.55
2604	2.77
2605	0.78
2606	2.38
2607	1.11
2608	2.24
2609	1.51
2610	1.93
2611	1.88
2612	3.03
2613	2.21
2614	0.76
2615	2.03
2616	1.04
2617	2.52
2618	2.54
2619	2.24
2620	0.11
2621	2.57
2622	2.78
2623	1.64
2624	0.04
2625	1.37
2626	2.05
2627	2.79
2628	1.81
2629	0.07
2630	1.19
2631	1.51
2632	1.72
2633	3.65
2634	2.24
2635	1.63
2636	1.86
2637	0.44
2638	1.58
2639	0.96
2640	2.0
2641	1.48
2642	2.04
2643	1.83
2644	1.57
2645	2.08
2646	2.22
2647	1.31
2648	1.57
2649	1.96
2650	1.38
2651	2.83
2652	1.78
2653	0.74
2654	0.3
2655	2.74
2656	0.91
2657	1.02
2658	2.83
2659	0.29
2660	2.9
2661	1.62
2662	2.89
2663	1.93
2664	1.98
2665	1.41
2666	0.15
2667	1.75
2668	0.76
2669	2.09
2670	0.32
2671	1.8
2672	3.15
2673	1.21
2674	0.58
2675	2.76
2676	1.87
2677	0.02
2678	0.48
2679	0.8
2680	1.6
2681	2.38
2682	1.17
2683	0.67
2684	1.14
2685	0.82
2686	2.65
2687	0.98
2688	2.18
2689	1.71
2690	1.39
2691	1.96
2692	0.28
2693	2.13
2694	0.49
2695	0.84
2696	1.21
2697	2.39
2698	1.87
2699	0.59
2700	0.92
2701	2.72
2702	2.69
2703	1.82
2704	0.94
2705	1.67
2706	0.46
2707	1.62
2708	0.65
2709	1.35
2710	1.33
2711	1.79
2712	0.83
2713	0.75
2714	1.38
2715	1.82
2716	1.39
2717	2.39
2718	1.19
2719	0.06
2720	2.59
2721	1.62
2722	0.66
2723	1.85
2724	1.05
2725	2.23
2726	2.27
2727	0.99
2728	2.27
2729	1.36
2730	0.26
2731	1.5
2732	2.06
2733	1.04
2734	1.79
2735	0.59
2736	2.97
2737	1.04
2738	1.5
2739	2.45
2740	2.26
2741	1.97
2742	0.97
2743	2.78
2744	1.12
2745	1.95
2746	0.34
2747	1.19
2748	2.7
2749	1.76
2750	0.96
2751	2.33
2752	0.38
2753	1.15
2754	2.59
2755	0.9
2756	2.8
2757	1.41
2758	3.0
2759	0.94
2760	1.86
2761	1.22
2762	0.84
2763	2.6
2764	0.74
2765	0.83
2766	0.51
2767	1.39
2768	0.89
2769	1.01
2770	1.68
2771	0.69
2772	0.66
2773	1.32
2774	2.68
2775	1.3
2776	1.5
2777	2.3
2778	1.37
2779	2.19
2780	4.12
2781	0.59
2782	0.37
2783	0.95
2784	1.03
2785	2.8
2786	1.14
2787	2.1
2788	1.14
2789	2.07
2790	2.45
2791	0.68
2792	1.26
2793	1.03
2794	1.87
2795	3.11
2796	0.93
2797	2.63
2798	0.95
2799	0.99
2800	1.85
2801	2.12
2802	1.21
2803	2.01
2804	0.95
2805	1.42
2806	1.06
2807	1.34
2808	1.76
2809	0.65
2810	2.72
2811	2.95
2812	1.23
2813	1.76
2814	1.83
2815	0.79
2816	1.67
2817	1.16
2818	1.63
2819	1.63
2820	0.37
2821	1.9
2822	1.67
2823	1.66
2824	0.84
2825	1.33
2826	1.63
2827	1.03
2828	1.85
2829	1.17
2830	1.61
2831	0.81
2832	0.35
2833	1.33
2834	0.43
2835	0.63
2836	1.57
2837	2.63
2838	2.92
2839	0.01
2840	2.95
2841	0.93
2842	0.76
2843	0.87
2844	1.88
2845	1.47
2846	1.63
2847	2.72
2848	2.68
2849	1.79
2850	3.95
2851	1.53
2852	1.46
2853	2.41
2854	0.37
2855	1.16
2856	0.66
2857	2.27
2858	1.0
2859	1.24
2860	1.76
2861	1.56
2862	1.48
2863	0.27
2864	2.75
2865	1.55
2866	1.78
2867	1.97
2868	0.19
2869	1.13
2870	2.45
2871	2.25
2872	2.41
2873	1.81
2874	2.14
2875	1.8
2876	1.68
2877	1.72
2878	1.37
2879	1.92
2880	0.42
2881	0.77
2882	0.69
2883	2.18
2884	3.27
2885	2.48
2886	2.64
2887	3.13
2888	1.72
2889	0.64
2890	1.77
2891	1.19
2892	1.38
2893	1.59
2894	1.74
2895	1.12
2896	1.16
2897	1.52
2898	0.38
2899	3.91
2900	0.86
2901	0.41
2902	1.21
2903	1.66
2904	2.42
2905	0.78
2906	2.69
2907	1.6
2908	0.1
2909	2.98
2910	1.16
2911	1.14
2912	0.17
2913	1.39
2914	3.24
2915	0.05
2916	1.88
2917	4.07
2918	1.23
2919	1.41
2920	1.97
2921	1.53
2922	0.63
2923	2.23
2924	0.25
2925	2.9
2926	1.8
2927	2.34
2928	1.91
2929	1.46
2930	2.48
2931	1.98
2932	2.49
2933	2.17
2934	0.01
2935	1.62
2936	1.45
2937	1.11
2938	0.89
2939	0.33
2940	1.93
2941	1.24
2942	2.18
2943	0.81
2944	0.94
2945	0.32
2946	0.23
2947	3.62
2948	2.87
2949	1.05
2950	2.26
2951	1.7
2952	0.28
2953	2.32
2954	1.05
2955	0.74
2956	0.48
2957	2.93
2958	1.96
2959	2.13
2960	0.69
2961	1.52
2962	0.67
2963	2.6
2964	1.74
2965	2.3
2966	3.22
2967	0.01
2968	1.51
2969	1.61
2970	2.0
2971	1.19
2972	0.87
2973	3.13
2974	1.53
2975	1.78
2976	0.8
2977	1.62
2978	3.02
2979	2.66
2980	0.47
2981	2.29
2982	2.35
2983	2.88
2984	2.39
2985	0.78
2986	1.67
2987	1.76
2988	1.2
2989	2.91
2990	2.32
2991	2.1
2992	2.72
2993	0.6
2994	1.53
2995	1.49
2996	3.18
2997	2.01
2998	1.72
2999	1.42
3000	1.03
3001	0.85
3002	2.91
3003	2.4
3004	1.46
3005	1.05
3006	2.85
3007	0.38
3008	2.64
3009	2.31
3010	3.2
3011	2.23
3012	0.88
3013	1.49
3014	2.49
3015	0.33
3016	2.62
3017	0.92
3018	1.03
3019	2.65
3020	1.41
3021	3.53
3022	1.74
3023	0.34
3024	0.98
3025	2.46
3026	0.28
3027	2.54
3028	2.25
3029	1.13
3030	2.63
3031	0.13
3032	0.77
3033	1.44
3034	3.11
3035	0.53
3036	0.28
3037	2.02
3038	2.54
3039	0.56
3040	2.01
3041	3.73
3042	1.04
3043	0.97
3044	0.4
3045	0.96
3046	1.94
3047	1.24
3048	1.13
3049	1.44
3050	1.44
3051	1.35
3052	1.38
3053	1.68
3054	2.31
3055	1.55
3056	0.53
3057	0.84
3058	1.0
3059	0.21
3060	2.95
3061	1.46
3062	1.25
3063	1.17
3064	0.87
3065	2.08
3066	0.54
3067	1.54
3068	2.25
3069	0.2
3070	0.33
3071	1.87
3072	0.12
3073	1.57
3074	0.74
3075	2.07
3076	1.19
3077	0.08
3078	1.81
3079	2.09
3080	1.78
3081	0.23
3082	0.04
3083	1.95
3084	0.76
3085	0.22
3086	0.85
3087	1.73
3088	2.24
3089	2.21
3090	1.34
3091	1.67
3092	0.99
3093	1.23
3094	0.89
3095	2.0
3096	1.68
3097	1.23
3098	1.12
3099	1.83
3100	1.26
3101	1.28
3102	1.44
3103	0.39
3104	2.84
3105	1.07
3106	2.22
3107	2.47
3108	0.14
3109	3.61
3110	1.38
3111	0.7
3112	1.6
3113	1.5
3114	1.9
3115	0.88
3116	0.49
3117	1.76
3118	1.5
3119	0.32
3120	0.32
3121	1.4
3122	1.52
3123	1.22
3124	1.92
3125	2.69
3126	1.1
3127	2.4
3128	2.51
3129	0.97
3130	2.1
3131	1.05
3132	2.93
3133	3.53
3134	2.89
3135	1.35
3136	3.07
3137	1.88
3138	2.02
3139	1.78
3140	2.43
3141	1.03
3142	0.62
3143	0.46
3144	1.29
3145	2.32
3146	0.88
3147	1.43
3148	2.41
3149	1.62
3150	1.8
3151	1.39
3152	1.24
3153	1.63
3154	2.65
3155	0.38
3156	1.8
3157	0.54
3158	2.27
3159	1.73
3160	0.82
3161	2.62
3162	3.35
3163	1.82
3164	1.47
3165	0.6
3166	1.16
3167	1.71
3168	3.64
3169	0.58
3170	0.38
3171	1.99
3172	1.74
3173	0.61
3174	1.6
3175	2.29
3176	2.71
3177	0.68
3178	2.59
3179	0.72
3180	0.66
3181	3.03
3182	0.78
3183	1.19
3184	0.59
3185	2.92
3186	2.21
3187	2.16
3188	1.72
3189	2.89
3190	1.36
3191	1.11
3192	1.13
3193	1.67
3194	2.4
3195	1.1
3196	2.24
3197	1.62
3198	2.46
3199	0.91
3200	1.72
3201	2.25
3202	1.04
3203	0.43
3204	1.84
3205	1.47
3206	2.64
3207	0.86
3208	1.36
3209	1.67
3210	0.64
3211	3.54
3212	2.42
3213	0.96
3214	2.2
3215	2.1
3216	1.24
3217	0.87
3218	0.75
3219	1.0
3220	2.17
3221	0.75
3222	1.49
3223	0.65
3224	1.88
3225	0.8
3226	0.28
3227	0.5
3228	1.42
3229	0.29
3230	1.54
3231	0.68
3232	0.98
3233	0.69
3234	2.28
3235	2.68
3236	0.56
3237	1.36
3238	1.55
3239	1.35
3240	0.83
3241	1.65
3242	1.24
3243	1.11
3244	1.56
3245	0.89
3246	2.11
3247	0.87
3248	1.32
3249	1.76
3250	0.73
3251	0.72
3252	1.4
3253	0.1
3254	1.8
3255	1.77
3256	1.56
3257	2.12
3258	1.41
3259	1.56
3260	0.73
3261	1.13
3262	2.31
3263	3.1
3264	1.93
3265	0.17
3266	1.59
3267	3.17
3268	1.16
3269	0.24
3270	0.23
3271	0.96
3272	1.56
3273	0.53
3274	0.4
3275	1.48
3276	2.71
3277	0.74
3278	2.6
3279	1.76
3280	1.8
3281	1.49
3282	2.65
3283	3.35
3284	2.32
3285	2.47
3286	0.89
3287	2.66
3288	1.48
3289	0.36
3290	1.41
3291	1.01
3292	1.61
3293	2.79
3294	1.03
3295	0.58
3296	0.49
3297	1.75
3298	3.12
3299	0.57
3300	1.86
3301	2.29
3302	3.38
3303	1.91
3304	1.15
3305	1.15
3306	2.36
3307	0.66
3308	1.33
3309	1.84
3310	2.36
3311	1.72
3312	0.61
3313	0.03
3314	1.46
3315	2.14
3316	1.13
3317	2.82
3318	0.92
3319	0.93
3320	1.1
3321	2.47
3322	0.03
3323	1.38
3324	0.38
3325	1.04
3326	0.64
3327	2.4
3328	0.25
3329	1.6
3330	0.41
3331	3.53
3332	0.54
3333	2.96
3334	1.2
3335	1.32
3336	0.49
3337	0.67
3338	2.29
3339	1.91
3340	0.59
3341	1.72
3342	1.23
3343	0.55
3344	1.89
3345	3.12
3346	1.37
3347	1.56
3348	3.24
3349	1.83
3350	0.95
3351	0.93
3352	2.09
3353	1.5
3354	3.67
3355	1.43
3356	2.41
3357	0.21
3358	2.16
3359	0.44
3360	4.09
3361	0.53
3362	2.38
3363	1.67
3364	1.28
3365	2.17
3366	0.57
3367	2.53
3368	1.65
3369	2.1
3370	0.6
3371	1.25
3372	2.16
3373	0.56
3374	0.56
3375	2.01
3376	1.25
3377	1.04
3378	0.56
3379	0.62
3380	2.49
3381	1.63
3382	0.33
3383	2.5
3384	2.47
3385	0.77
3386	2.86
3387	1.56
3388	0.15
3389	0.47
3390	1.94
3391	0.55
3392	0.72
3393	1.05
3394	1.09
3395	1.92
3396	2.33
3397	2.18
3398	1.2
3399	0.1
3400	1.02
3401	1.93
3402	0.09
3403	3.16
3404	3.24
3405	2.48
3406	1.51
3407	2.6
3408	1.72
3409	1.38
3410	3.94
3411	1.28
3412	2.79
3413	1.47
3414	0.03
3415	0.38
3416	1.57
3417	1.82
3418	3.16
3419	2.08
3420	2.46
3421	2.57
3422	1.08
3423	2.87
3424	0.8
3425	2.33
3426	0.91
3427	0.32
3428	1.36
3429	2.43
3430	2.01
3431	0.06
3432	0.31
3433	0.8
3434	0.49
3435	0.02
3436	0.75
3437	1.79
3438	1.72
3439	0.59
3440	0.18
3441	1.09
3442	2.54
3443	1.41
3444	3.22
3445	1.69
3446	1.07
3447	1.68
3448	0.43
3449	2.57
3450	1.34
3451	1.71
3452	2.52
3453	2.9
3454	0.78
3455	1.16
3456	0.93
3457	1.31
3458	2.68
3459	0.75
3460	1.55
3461	2.16
3462	1.79
3463	1.94
3464	1.44
3465	2.23
3466	0.66
3467	2.12
3468	2.95
3469	2.58
3470	1.58
3471	1.46
3472	1.79
3473	2.38
3474	3.72
3475	1.48
3476	1.41
3477	1.05
3478	3.05
3479	0.43
3480	0.63
3481	3.36
3482	0.8
3483	2.98
3484	1.55
3485	0.98
3486	2.3
3487	1.43
3488	2.32
3489	0.41
3490	1.41
3491	1.26
3492	1.76
3493	1.41
3494	1.55
3495	1.86
3496	2.53
3497	1.46
3498	0.84
3499	1.47
3500	1.81
3501	1.54
3502	0.74
3503	1.79
3504	1.63
3505	3.51
3506	0.59
3507	2.03
3508	1.58
3509	1.54
3510	1.0
3511	1.36
3512	1.55
3513	1.02
3514	3.24
3515	0.3
3516	1.82
3517	3.59
3518	0.32
3519	2.73
3520	1.74
3521	1.31
3522	2.6
3523	3.62
3524	1.66
3525	1.51
3526	0.95
3527	1.68
3528	1.99
3529	0.89
3530	1.62
3531	2.11
3532	2.47
3533	3.5
3534	1.33
3535	1.83
3536	1.36
3537	1.45
3538	2.34
3539	0.57
3540	0.78
3541	2.49
3542	2.21
3543	1.51
3544	0.99
3545	1.27
3546	3.22
3547	2.3
3548	2.5
3549	1.25
3550	0.77
3551	0.47
3552	0.25
3553	2.31
3554	1.72
3555	1.55
3556	2.14
3557	1.19
3558	0.54
3559	2.19
3560	0.69
3561	0.05
3562	1.96
3563	1.83
3564	1.38
3565	0.75
3566	0.65
3567	1.54
3568	0.36
3569	0.42
3570	2.01
3571	2.0
3572	1.45
3573	2.03
3574	1.1
3575	1.89
3576	1.15
3577	0.89
3578	3.14
3579	1.38
3580	0.44
3581	2.66
3582	2.68
3583	0.91
3584	1.48
3585	0.6
3586	3.69
3587	2.03
3588	1.54
3589	1.2
3590	0.24
3591	1.5
3592	2.23
3593	1.94
3594	1.14
3595	1.42
3596	3.33
3597	0.84
3598	0.05
3599	0.8
3600	0.99
3601	2.02
3602	2.05
3603	2.26
3604	0.37
3605	0.53
3606	3.02
3607	3.62
3608	2.4
3609	2.03
3610	2.5
3611	0.96
3612	0.99
3613	0.34
3614	2.4
3615	2.03
3616	2.92
3617	1.05
3618	0.89
3619	1.93
3620	2.59
3621	1.87
3622	1.86
3623	3.14
3624	3.46
3625	0.94
3626	0.3
3627	1.05
3628	3.66
3629	1.96
3630	1.87
3631	3.01
3632	1.89
3633	0.84
3634	0.4
3635	0.69
3636	1.43
3637	0.46
3638	2.86
3639	0.7
3640	0.99
3641	1.97
3642	0.92
3643	0.97
3644	1.13
3645	1.96
3646	0.85
3647	0.28
3648	1.94
3649	1.81
3650	1.66
3651	0.66
3652	2.09
3653	1.78
3654	2.69
3655	1.34
3656	0.74
3657	1.71
3658	0.64
3659	1.36
3660	0.69
3661	0.04
3662	3.14
3663	1.97
3664	0.19
3665	2.46
3666	1.75
3667	0.47
3668	1.93
3669	0.42
3670	1.51
3671	0.64
3672	2.26
3673	0.76
3674	0.42
3675	1.06
3676	4.11
3677	2.19
3678	2.15
3679	3.27
3680	2.04
3681	3.27
3682	2.53
3683	1.21
3684	1.61
3685	1.0
3686	0.77
3687	5.54
3688	1.65
3689	2.08
3690	1.31
3691	0.92
3692	0.41
3693	0.46
3694	1.45
3695	1.73
3696	1.8
3697	0.12
3698	1.1
3699	2.43
3700	2.25
3701	0.31
3702	1.27
3703	3.59
3704	2.29
3705	1.4
3706	0.92
3707	2.25
3708	0.5
3709	1.87
3710	1.81
3711	0.22
3712	1.03
3713	1.65
3714	1.29
3715	1.78
3716	2.02
3717	2.5
3718	0.61
3719	0.97
3720	3.58
3721	1.58
3722	1.79
3723	1.02
3724	1.82
3725	3.11
3726	1.71
3727	2.19
3728	0.31
3729	2.8
3730	1.42
3731	0.76
3732	0.98
3733	2.15
3734	1.79
3735	2.96
3736	0.6
3737	1.86
3738	1.87
3739	0.58
3740	0.57
3741	2.02
3742	2.27
3743	1.85
3744	2.81
3745	0.0
3746	2.8
3747	1.81
3748	1.5
3749	0.97
3750	0.01
3751	0.87
3752	1.17
3753	1.64
3754	1.82
3755	0.15
3756	2.81
3757	1.01
3758	2.86
3759	0.71
3760	0.37
3761	2.44
3762	3.06
3763	2.76
3764	2.49
3765	1.09
3766	1.08
3767	2.88
3768	1.74
3769	2.01
3770	2.88
3771	0.88
3772	0.39
3773	1.89
3774	1.63
3775	3.65
3776	1.22
3777	0.71
3778	1.81
3779	0.53
3780	0.65
3781	0.59
3782	0.52
3783	0.94
3784	1.9
3785	2.85
3786	1.17
3787	0.57
3788	2.46
3789	1.71
3790	1.9
3791	0.45
3792	3.33
3793	1.21
3794	1.57
3795	0.39
3796	0.29
3797	1.16
3798	0.46
3799	0.84
3800	1.35
3801	0.85
3802	2.68
3803	1.56
3804	1.95
3805	1.41
3806	2.29
3807	1.37
3808	1.54
3809	1.57
3810	2.86
3811	2.38
3812	0.38
3813	1.08
3814	2.13
3815	1.11
3816	2.78
3817	4.3
3818	2.59
3819	0.43
3820	1.15
3821	1.75
3822	0.56
3823	2.48
3824	0.55
3825	1.0
3826	0.56
3827	2.15
3828	1.62
3829	2.15
3830	3.72
3831	1.04
3832	0.61
3833	2.52
3834	1.76
3835	2.42
3836	1.45
3837	2.66
3838	2.93
3839	0.98
3840	0.93
3841	2.58
3842	2.71
3843	1.72
3844	0.69
3845	2.47
3846	1.25
3847	0.43
3848	1.31
3849	2.07
3850	0.56
3851	0.63
3852	2.11
3853	0.76
3854	3.48
3855	1.2
3856	1.38
3857	0.34
3858	1.21
3859	2.21
3860	1.38
3861	1.6
3862	4.0
3863	0.92
3864	0.25
3865	1.13
3866	1.53
3867	1.07
3868	0.9
3869	1.21
3870	4.14
3871	1.07
3872	2.06
3873	1.31
3874	1.47
3875	2.46
3876	0.15
3877	0.32
3878	0.27
3879	0.78
3880	1.58
3881	1.65
3882	1.63
3883	1.65
3884	2.6
3885	1.06
3886	0.23
3887	0.89
3888	1.16
3889	2.12
3890	1.65
3891	0.57
3892	2.33
3893	1.72
3894	2.31
3895	0.81
3896	2.0
3897	2.03
3898	1.92
3899	0.82
3900	1.97
3901	1.25
3902	2.64
3903	1.88
3904	0.19
3905	3.96
3906	2.35
3907	1.09
3908	1.83
3909	2.67
3910	3.01
3911	2.06
3912	1.54
3913	1.83
3914	1.68
3915	2.25
3916	1.89
3917	1.81
3918	1.93
3919	0.78
3920	1.52
3921	1.38
3922	2.72
3923	0.72
3924	1.06
3925	3.39
3926	1.59
3927	1.36
3928	2.75
3929	0.27
3930	2.22
3931	1.12
3932	1.44
3933	0.74
3934	2.47
3935	2.92
3936	0.12
3937	0.89
3938	2.62
3939	3.07
3940	1.54
3941	1.92
3942	1.32
3943	0.76
3944	2.26
3945	3.53
3946	1.7
3947	4.34
3948	0.94
3949	1.06
3950	3.51
3951	2.25
3952	1.14
3953	0.73
3954	1.51
3955	1.08
3956	1.0
3957	2.2
3958	2.88
3959	1.03
3960	1.06
3961	2.02
3962	2.5
3963	1.27
3964	1.25
3965	0.85
3966	2.11
3967	1.73
3968	1.27
3969	0.59
3970	1.02
3971	2.08
3972	2.07
3973	2.23
3974	2.14
3975	0.58
3976	2.03
3977	2.32
3978	1.75
3979	1.47
3980	1.73
3981	1.57
3982	2.32
3983	2.15
3984	0.8
3985	1.75
3986	2.25
3987	1.02
3988	2.42
3989	2.06
3990	1.25
3991	0.81
3992	1.6
3993	0.02
3994	1.34
3995	1.82
3996	1.49
3997	1.52
3998	1.93
3999	2.06
4000	1.67
4001	0.91
4002	0.86
4003	1.76
4004	2.39
4005	1.24
4006	1.0
4007	2.04
4008	2.31
4009	1.55
4010	0.92
4011	2.89
4012	2.23
4013	2.56
4014	0.71
4015	1.2
4016	1.86
4017	1.18
4018	2.41
4019	2.36
4020	1.36
4021	1.91
4022	1.16
4023	2.27
4024	1.9
4025	1.3
4026	0.15
4027	1.99
4028	0.61
4029	1.08
4030	1.33
4031	0.75
4032	0.91
4033	3.15
4034	1.49
4035	1.05
4036	1.89
4037	0.87
4038	2.46
4039	2.59
4040	1.43
4041	0.95
4042	2.84
4043	1.39
4044	1.28
4045	0.26
4046	1.33
4047	3.0
4048	0.95
4049	1.02
4050	1.13
4051	2.8
4052	1.18
4053	1.9
4054	0.76
4055	1.46
4056	1.02
4057	0.4
4058	1.63
4059	0.08
4060	1.41
4061	1.96
4062	1.03
4063	1.73
4064	2.45
4065	0.93
4066	1.08
4067	1.01
4068	1.0
4069	1.19
4070	1.06
4071	0.8
4072	1.58
4073	1.91
4074	0.85
4075	1.31
4076	3.42
4077	1.97
4078	0.88
4079	0.4
4080	0.58
4081	0.58
4082	2.49
4083	0.88
4084	3.09
4085	2.14
4086	2.46
4087	1.31
4088	2.81
4089	1.46
4090	2.63
4091	1.02
4092	2.25
4093	0.72
4094	2.58
4095	1.85
4096	2.63
4097	3.19
4098	2.05
4099	1.27
4100	2.34
4101	2.2
4102	2.82
4103	0.81
4104	0.01
4105	4.11
4106	2.1
4107	2.18
4108	1.22
4109	1.6
4110	0.93
4111	1.71
4112	1.13
4113	0.25
4114	1.81
4115	0.91
4116	0.92
4117	1.73
4118	1.07
4119	1.8
4120	1.93
4121	0.42
4122	0.78
4123	1.49
4124	1.31
4125	1.87
4126	2.72
4127	0.59
4128	1.5
4129	1.8
4130	1.27
4131	2.59
4132	1.43
4133	1.09
4134	0.07
4135	1.52
4136	3.25
4137	3.43
4138	1.26
4139	1.19
4140	0.29
4141	1.9
4142	0.52
4143	3.45
4144	3.03
4145	2.8
4146	1.83
4147	0.9
4148	1.52
4149	1.91
4150	0.15
4151	2.02
4152	1.2
4153	1.42
4154	0.42
4155	1.56
4156	2.57
4157	1.13
4158	2.75
4159	1.0
4160	0.95
4161	0.06
4162	2.3
4163	2.63
4164	3.33
4165	0.82
4166	0.37
4167	1.3
4168	3.5
4169	1.43
4170	3.33
4171	0.92
4172	0.59
4173	1.09
4174	0.12
4175	2.83
4176	2.46
4177	1.14
4178	1.51
4179	2.77
4180	2.39
4181	1.53
4182	1.33
4183	1.16
4184	3.66
4185	1.18
4186	0.38
4187	0.83
4188	0.24
4189	0.37
4190	3.28
4191	2.26
4192	2.59
4193	2.13
4194	0.59
4195	1.29
4196	0.63
4197	1.8
4198	1.07
4199	0.93
4200	0.59
4201	2.46
4202	1.55
4203	1.24
4204	1.68
4205	2.28
4206	1.44
4207	1.06
4208	2.29
4209	1.03
4210	1.05
4211	2.02
4212	0.76
4213	1.4
4214	0.82
4215	3.31
4216	1.87
4217	1.68
4218	0.38
4219	1.87
4220	0.34
4221	1.64
4222	1.5
4223	2.27
4224	1.63
4225	3.45
4226	2.89
4227	2.23
4228	1.48
4229	1.23
4230	1.44
4231	2.71
4232	0.58
4233	1.1
4234	3.0
4235	1.99
4236	1.27
4237	3.02
4238	2.77
4239	0.9
4240	1.29
4241	1.76
4242	1.21
4243	1.0
4244	0.5
4245	2.65
4246	1.43
4247	2.47
4248	0.71
4249	2.09
4250	1.47
4251	0.76
4252	0.93
4253	0.79
4254	3.14
4255	0.66
4256	1.4
4257	2.08
4258	0.29
4259	1.29
4260	1.47
4261	0.53
4262	0.67
4263	1.9
4264	1.48
4265	2.98
4266	1.82
4267	1.33
4268	0.99
4269	2.64
4270	0.7
4271	1.59
4272	3.09
4273	0.28
4274	0.45
4275	2.15
4276	1.46
4277	0.61
4278	3.09
4279	1.85
4280	1.6
4281	1.11
4282	0.6
4283	0.7
4284	3.22
4285	0.55
4286	1.01
4287	1.3
4288	1.17
4289	1.35
4290	2.44
4291	1.34
4292	2.32
4293	2.37
4294	1.38
4295	0.96
4296	3.05
4297	1.23
4298	2.81
4299	1.94
4300	0.63
4301	3.46
4302	1.32
4303	0.87
4304	0.87
4305	1.55
4306	1.89
4307	1.76
4308	0.68
4309	3.1
4310	1.29
4311	0.15
4312	0.34
4313	2.82
4314	2.32
4315	2.42
4316	0.92
4317	0.07
4318	0.84
4319	0.27
4320	0.51
4321	0.76
4322	0.94
4323	0.89
4324	2.48
4325	1.03
4326	1.33
4327	1.1
4328	2.08
4329	0.88
4330	1.97
4331	2.18
4332	0.17
4333	0.39
4334	1.65
4335	1.18
4336	1.61
4337	2.19
4338	3.05
4339	2.2
4340	1.66
4341	0.97
4342	1.22
4343	2.89
4344	2.64
4345	1.11
4346	1.97
4347	2.0
4348	1.14
4349	1.05
4350	3.04
4351	2.03
4352	0.7
4353	0.62
4354	2.57
4355	2.34
4356	1.57
4357	3.39
4358	1.14
4359	1.86
4360	2.79
4361	2.13
4362	2.42
4363	2.89
4364	0.99
4365	2.71
4366	2.79
4367	3.14
4368	0.14
4369	0.15
4370	2.02
4371	1.23
4372	0.36
4373	1.16
4374	1.29
4375	3.95
4376	2.1
4377	1.92
4378	2.76
4379	3.03
4380	0.71
4381	2.26
4382	2.0
4383	3.09
4384	0.68
4385	0.95
4386	2.63
4387	2.57
4388	0.54
4389	0.19
4390	2.75
4391	2.67
4392	0.99
4393	0.83
4394	1.32
4395	0.3
4396	1.89
4397	3.14
4398	2.22
4399	0.63
4400	1.68
4401	0.19
4402	2.17
4403	2.3
4404	0.12
4405	1.29
4406	0.85
4407	0.19
4408	1.79
4409	1.58
4410	1.37
4411	1.98
4412	1.91
4413	3.18
4414	1.55
4415	0.2
4416	2.89
4417	0.32
4418	1.6
4419	0.71
4420	0.67
4421	3.12
4422	2.38
4423	1.18
4424	1.87
4425	0.64
4426	2.34
4427	0.27
4428	1.16
4429	0.35
4430	0.48
4431	0.85
4432	0.29
4433	2.91
4434	0.91
4435	1.84
4436	3.75
4437	2.53
4438	3.62
4439	1.85
4440	0.9
4441	1.62
4442	2.57
4443	0.29
4444	1.1
4445	1.45
4446	2.71
4447	1.53
4448	1.94
4449	1.18
4450	1.92
4451	1.25
4452	3.01
4453	1.22
4454	0.22
4455	2.13
4456	1.94
4457	0.71
4458	1.53
4459	1.87
4460	1.37
4461	2.71
4462	3.97
4463	0.96
4464	0.81
4465	1.23
4466	2.57
4467	0.29
4468	0.38
4469	0.21
4470	1.31
4471	1.73
4472	1.19
4473	2.0
4474	2.0
4475	0.73
4476	1.18
4477	0.67
4478	1.4
4479	3.11
4480	1.39
4481	2.23
4482	3.28
4483	1.81
4484	2.36
4485	1.01
4486	1.76
4487	0.38
4488	2.14
4489	1.08
4490	3.78
4491	1.95
4492	2.26
4493	1.68
4494	2.93
4495	2.53
4496	0.74
4497	0.85
4498	2.7
4499	2.66
4500	1.47
4501	1.76
4502	1.64
4503	0.8
4504	2.06
4505	0.9
4506	2.98
4507	2.68
4508	1.4
4509	1.3
4510	0.61
4511	1.14
4512	1.2
4513	2.62
4514	2.28
4515	1.74
4516	2.49
4517	1.25
4518	1.57
4519	1.29
4520	2.55
4521	2.43
4522	0.76
4523	0.92
4524	0.38
4525	0.86
4526	2.07
4527	0.45
4528	0.33
4529	2.28
4530	0.88
4531	2.38
4532	0.3
4533	1.4
4534	2.8
4535	0.63
4536	2.15
4537	2.24
4538	1.24
4539	0.66
4540	2.09
4541	2.52
4542	1.68
4543	1.6
4544	0.05
4545	1.03
4546	0.69
4547	1.98
4548	3.5
4549	0.91
4550	0.84
4551	1.25
4552	1.21
4553	2.23
4554	1.3
4555	2.18
4556	0.79
4557	1.39
4558	0.88
4559	2.71
4560	1.11
4561	2.26
4562	2.9
4563	2.37
4564	1.69
4565	2.49
4566	3.42
4567	2.16
4568	0.06
4569	2.44
4570	1.54
4571	0.32
4572	0.88
4573	1.73
4574	1.35
4575	2.17
4576	0.24
4577	1.23
4578	1.38
4579	1.52
4580	1.17
4581	2.06
4582	3.06
4583	2.84
4584	0.8
4585	2.9
4586	1.22
4587	3.56
4588	1.72
4589	2.69
4590	0.97
4591	2.51
4592	1.73
4593	0.74
4594	1.35
4595	2.63
4596	1.27
4597	2.49
4598	1.34
4599	1.78
4600	1.7
4601	2.16
4602	3.36
4603	0.18
4604	1.71
4605	1.38
4606	1.11
4607	0.61
4608	0.7
4609	1.78
4610	3.26
4611	1.55
4612	1.08
4613	0.35
4614	2.99
4615	0.02
4616	1.8
4617	0.27
4618	0.58
4619	1.91
4620	1.52
4621	2.29
4622	2.05
4623	1.72
4624	0.59
4625	1.39
4626	1.94
4627	0.82
4628	2.56
4629	0.96
4630	1.64
4631	0.36
4632	1.91
4633	1.16
4634	1.59
4635	0.82
4636	0.48
4637	3.65
4638	1.75
4639	1.34
4640	2.01
4641	1.03
4642	0.89
4643	2.04
4644	0.42
4645	0.76
4646	0.42
4647	2.29
4648	2.73
4649	1.23
4650	2.16
4651	0.9
4652	1.46
4653	1.94
4654	0.65
4655	3.53
4656	1.49
4657	1.57
4658	1.14
4659	1.94
4660	3.0
4661	0.32
4662	1.57
4663	0.05
4664	1.25
4665	2.44
4666	0.5
4667	0.65
4668	1.56
4669	0.88
4670	0.44
4671	2.36
4672	2.92
4673	2.97
4674	0.03
4675	1.64
4676	1.6
4677	0.47
4678	1.07
4679	0.88
4680	0.18
4681	0.69
4682	0.87
4683	2.47
4684	3.47
4685	1.42
4686	0.5
4687	0.45
4688	0.94
4689	1.13
4690	0.24
4691	2.46
4692	2.35
4693	2.13
4694	0.52
4695	0.77
4696	0.04
4697	1.66
4698	0.09
4699	2.21
4700	1.78
4701	1.44
4702	1.17
4703	0.83
4704	1.64
4705	3.43
4706	2.05
4707	2.2
4708	0.54
4709	1.6
4710	2.85
4711	1.15
4712	2.24
4713	2.45
4714	1.18
4715	0.42
4716	0.62
4717	2.66
4718	0.36
4719	2.05
4720	1.57
4721	3.47
4722	3.17
4723	3.33
4724	2.44
4725	0.95
4726	0.72
4727	1.99
4728	1.09
4729	0.68
4730	1.94
4731	1.98
4732	1.56
4733	0.49
4734	1.82
4735	1.05
4736	1.21
4737	1.25
4738	1.24
4739	0.48
4740	2.11
4741	2.03
4742	3.62
4743	0.53
4744	0.6
4745	1.56
4746	0.61
4747	0.78
4748	1.44
4749	2.48
4750	2.21
4751	1.85
4752	1.0
4753	1.81
4754	0.82
4755	1.99
4756	1.73
4757	1.32
4758	2.59
4759	1.64
4760	1.89
4761	0.24
4762	1.94
4763	1.8
4764	1.67
4765	3.78
4766	2.03
4767	2.68
4768	1.98
4769	0.53
4770	2.49
4771	0.21
4772	1.43
4773	1.97
4774	3.07
4775	2.92
4776	2.14
4777	1.23
4778	1.79
4779	0.5
4780	3.0
4781	1.82
4782	2.63
4783	1.27
4784	2.02
4785	1.72
4786	2.05
4787	1.27
4788	1.28
4789	0.89
4790	2.62
4791	1.7
4792	2.2
4793	1.67
4794	1.05
4795	1.02
4796	1.39
4797	0.28
4798	1.69
4799	2.63
4800	1.23
4801	1.4
4802	1.79
4803	2.4
4804	0.83
4805	0.8
4806	2.88
4807	1.27
4808	3.02
4809	2.17
4810	1.89
4811	0.2
4812	2.19
4813	0.77
4814	2.25
4815	2.85
4816	0.66
4817	2.9
4818	1.99
4819	3.37
4820	3.07
4821	1.69
4822	2.26
4823	1.38
4824	1.75
4825	2.38
4826	1.14
4827	2.73
4828	0.94
4829	1.21
4830	1.27
4831	0.82
4832	1.17
4833	1.61
4834	1.64
4835	0.84
4836	2.17
4837	0.09
4838	0.21
4839	1.69
4840	1.45
4841	1.89
4842	1.85
4843	0.93
4844	1.65
4845	1.07
4846	1.06
4847	0.22
4848	1.7
4849	0.07
4850	1.53
4851	0.73
4852	2.08
4853	0.33
4854	1.18
4855	1.44
4856	1.65
4857	2.83
4858	1.45
4859	1.15
4860	1.62
4861	1.96
4862	1.83
4863	2.28
4864	2.91
4865	0.76
4866	1.32
4867	4.02
4868	0.63
4869	3.04
4870	0.61
4871	0.25
4872	1.25
4873	1.04
4874	0.81
4875	0.39
4876	1.49
4877	0.14
4878	1.27
4879	1.23
4880	1.99
4881	3.55
4882	1.93
4883	1.34
4884	1.7
4885	0.47
4886	2.17
4887	2.09
4888	2.74
4889	1.62
4890	2.18
4891	0.77
4892	0.81
4893	1.33
4894	4.33
4895	1.3
4896	1.58
4897	0.02
4898	0.38
4899	1.39
4900	1.78
4901	0.67
4902	0.67
4903	3.47
4904	1.1
4905	1.29
4906	2.82
4907	2.15
4908	1.74
4909	0.22
4910	1.89
4911	1.03
4912	1.14
4913	1.39
4914	2.1
4915	1.54
4916	2.18
4917	2.32
4918	1.21
4919	0.97
4920	3.0
4921	0.39
4922	1.72
4923	1.24
4924	1.98
4925	2.03
4926	1.81
4927	3.03
4928	1.34
4929	0.98
4930	1.73
4931	1.55
4932	0.38
4933	0.42
4934	0.7
4935	0.82
4936	3.04
4937	2.17
4938	0.63
4939	3.76
4940	2.06
4941	2.81
4942	2.24
4943	1.34
4944	1.54
4945	1.29
4946	3.41
4947	1.45
4948	3.13
4949	0.28
4950	1.05
4951	0.5
4952	1.7
4953	1.12
4954	1.79
4955	0.44
4956	1.61
4957	0.41
4958	1.71
4959	1.5
4960	1.25
4961	0.04
4962	1.28
4963	1.26
4964	3.08
4965	0.31
4966	0.56
4967	2.54
4968	1.19
4969	1.71
4970	2.27
4971	1.23
4972	1.8
4973	1.51
4974	0.89
4975	1.42
4976	2.66
4977	1.4
4978	1.8
4979	1.49
4980	0.7
4981	0.21
4982	2.21
4983	0.59
4984	2.58
4985	1.34
4986	1.81
4987	1.25
4988	1.33
4989	1.69
4990	1.81
4991	1.45
4992	1.51
4993	1.31
4994	1.07
4995	1.67
4996	2.09
4997	1.99
4998	0.6
4999	3.18
5000	2.34
5001	1.42
5002	0.25
5003	2.43
5004	2.35
5005	0.57
5006	2.9
5007	3.74
5008	0.37
5009	1.91
5010	0.43
5011	1.2
5012	0.8
5013	1.53
5014	2.8
5015	3.09
5016	2.32
5017	0.82
5018	3.13
5019	1.75
5020	0.63
5021	0.78
5022	1.23
5023	2.59
5024	2.67
5025	1.73
5026	3.04
5027	1.04
5028	2.13
5029	3.73
5030	0.97
5031	1.26
5032	3.87
5033	0.74
5034	2.76
5035	1.88
5036	2.41
5037	2.51
5038	0.94
5039	2.19
5040	1.8
5041	2.81
5042	2.67
5043	1.61
5044	2.85
5045	1.13
5046	0.71
5047	0.61
5048	0.23
5049	1.12
5050	0.47
5051	1.39
5052	2.0
5053	1.86
5054	0.19
5055	2.43
5056	1.26
5057	0.88
5058	0.89
5059	0.01
5060	2.31
5061	1.6
5062	0.94
5063	0.08
5064	0.84
5065	0.15
5066	1.36
5067	1.61
5068	1.93
5069	0.52
5070	1.78
5071	0.09
5072	2.9
5073	2.73
5074	1.01
5075	2.76
5076	1.67
5077	0.51
5078	3.65
5079	0.92
5080	1.96
5081	1.25
5082	2.53
5083	1.51
5084	3.1
5085	0.64
5086	1.04
5087	2.02
5088	0.74
5089	2.46
5090	3.21
5091	0.2
5092	2.75
5093	1.82
5094	3.25
5095	1.36
5096	1.67
5097	1.36
5098	1.45
5099	0.99
5100	2.55
5101	0.01
5102	0.45
5103	2.47
5104	0.24
5105	1.38
5106	1.64
5107	1.37
5108	0.13
5109	1.31
5110	0.68
5111	0.3
5112	1.5
5113	1.75
5114	2.05
5115	1.92
5116	1.69
5117	1.9
5118	0.86
5119	3.17
5120	1.1
5121	0.91
5122	1.59
5123	1.13
5124	1.23
5125	2.48
5126	2.81
5127	0.98
5128	0.51
5129	1.88
5130	2.36
5131	1.46
5132	2.59
5133	1.69
5134	1.67
5135	3.1
5136	0.09
5137	1.93
5138	1.94
5139	0.16
5140	1.24
5141	2.16
5142	1.89
5143	1.32
5144	2.31
5145	0.13
5146	1.21
5147	1.37
5148	1.91
5149	1.24
5150	2.22
5151	2.1
5152	1.15
5153	1.8
5154	2.13
5155	2.41
5156	0.69
5157	1.56
5158	0.28
5159	1.27
5160	1.6
5161	0.95
5162	1.77
5163	3.17
5164	2.08
5165	1.57
5166	1.61
5167	2.84
5168	3.06
5169	2.61
5170	0.7
5171	1.86
5172	1.33
5173	2.07
5174	1.69
5175	2.26
5176	1.44
5177	0.26
5178	1.51
5179	0.98
5180	1.68
5181	0.43
5182	1.57
5183	1.66
5184	2.41
5185	1.47
5186	2.3
5187	3.05
5188	0.1
5189	1.71
5190	0.64
5191	0.45
5192	0.83
5193	0.88
5194	1.66
5195	3.13
5196	1.2
5197	0.97
5198	1.4
5199	2.28
5200	1.06
5201	2.02
5202	2.14
5203	0.68
5204	2.28
5205	0.82
5206	3.09
5207	1.64
5208	1.11
5209	2.76
5210	2.26
5211	0.36
5212	0.62
5213	0.61
5214	0.94
5215	2.4
5216	0.76
5217	0.75
5218	0.8
5219	1.69
5220	2.34
5221	1.74
5222	0.92
5223	0.65
5224	1.48
5225	1.18
5226	0.95
5227	2.36
5228	3.8
5229	0.18
5230	3.25
5231	0.47
5232	0.69
5233	1.0
5234	3.47
5235	1.68
5236	1.17
5237	0.94
5238	3.27
5239	0.86
5240	2.95
5241	4.17
5242	1.9
5243	0.58
5244	1.13
5245	0.6
5246	2.72
5247	2.07
5248	1.45
5249	3.33
5250	1.48
5251	0.93
5252	2.15
5253	0.84
5254	2.91
5255	1.5
5256	1.73
5257	1.43
5258	0.54
5259	0.54
5260	1.23
5261	1.6
5262	1.15
5263	0.97
5264	0.93
5265	1.68
5266	0.92
5267	0.15
5268	2.87
5269	1.53
5270	2.34
5271	1.31
5272	0.55
5273	1.41
5274	0.74
5275	1.75
5276	1.97
5277	2.38
5278	2.15
5279	0.28
5280	2.85
5281	1.14
5282	0.48
5283	2.65
5284	0.25
5285	1.6
5286	2.31
5287	0.64
5288	2.52
5289	1.78
5290	1.53
5291	1.86
5292	1.21
5293	2.17
5294	2.75
5295	1.72
5296	2.17
5297	1.02
5298	2.12
5299	0.36
5300	1.36
5301	1.96
5302	0.47
5303	3.44
5304	2.04
5305	2.01
5306	3.2
5307	1.22
5308	1.44
5309	1.38
5310	2.3
5311	2.5
5312	1.33
5313	2.05
5314	3.69
5315	1.25
5316	3.63
5317	1.94
5318	2.57
5319	1.39
5320	3.09
5321	0.75
5322	1.37
5323	0.86
5324	3.02
5325	0.36
5326	1.35
5327	1.01
5328	1.03
5329	2.71
5330	1.92
5331	2.43
5332	0.92
5333	2.86
5334	0.22
5335	1.44
5336	0.96
5337	1.85
5338	0.41
5339	1.94
5340	2.65
5341	2.17
5342	0.78
5343	2.59
5344	1.68
5345	1.13
5346	0.75
5347	1.25
5348	2.37
5349	3.15
5350	1.89
5351	2.37
5352	0.14
5353	2.46
5354	1.88
5355	0.43
5356	1.73
5357	1.05
5358	2.18
5359	0.59
5360	0.81
5361	1.09
5362	0.08
5363	2.86
5364	2.65
5365	1.25
5366	1.51
5367	1.68
5368	0.72
5369	2.08
5370	2.17
5371	0.89
5372	1.66
5373	0.45
5374	1.23
5375	3.65
5376	0.46
5377	1.12
5378	1.39
5379	1.3
5380	2.8
5381	1.53
5382	1.38
5383	0.12
5384	2.39
5385	1.76
5386	0.39
5387	0.78
5388	0.28
5389	2.61
5390	2.58
5391	0.37
5392	1.55
5393	1.69
5394	1.54
5395	1.33
5396	1.99
5397	1.21
5398	2.58
5399	0.72
5400	1.65
5401	1.18
5402	2.71
5403	2.52
5404	1.1
5405	1.06
5406	1.95
5407	3.14
5408	1.97
5409	0.52
5410	2.59
5411	0.05
5412	1.25
5413	2.3
5414	2.67
5415	1.5
5416	2.05
5417	1.3
5418	0.77
5419	1.67
5420	1.12
5421	2.99
5422	1.58
5423	3.83
5424	1.91
5425	1.81
5426	0.33
5427	1.17
5428	2.11
5429	0.85
5430	0.93
5431	0.04
5432	0.98
5433	2.34
5434	0.53
5435	0.61
5436	2.12
5437	2.27
5438	2.77
5439	1.51
5440	1.29
5441	2.94
5442	2.03
5443	0.42
5444	1.34
5445	0.15
5446	1.36
5447	0.24
5448	0.65
5449	1.26
5450	0.51
5451	2.09
5452	2.22
5453	2.59
5454	3.6
5455	2.68
5456	2.08
5457	1.89
5458	1.27
5459	1.72
5460	2.91
5461	2.98
5462	1.42
5463	1.05
5464	1.88
5465	2.46
5466	2.13
5467	2.62
5468	2.42
5469	2.37
5470	2.35
5471	0.46
5472	1.44
5473	1.05
5474	2.13
5475	1.79
5476	1.19
5477	3.73
5478	2.82
5479	1.76
5480	4.33
5481	0.81
5482	0.99
5483	1.38
5484	0.53
5485	1.6
5486	1.59
5487	0.48
5488	1.79
5489	0.47
5490	0.62
5491	1.68
5492	1.61
5493	1.04
5494	2.05
5495	1.72
5496	1.01
5497	2.63
5498	0.34
5499	1.86
5500	1.24
5501	1.39
5502	2.13
5503	2.06
5504	0.89
5505	0.61
5506	2.89
5507	1.66
5508	1.45
5509	1.13
5510	2.14
5511	1.78
5512	1.54
5513	2.41
5514	0.06
5515	2.57
5516	2.43
5517	1.25
5518	1.49
5519	1.72
5520	1.4
5521	0.59
5522	0.84
5523	0.6
5524	1.64
5525	1.88
5526	0.98
5527	1.26
5528	1.06
5529	1.08
5530	3.42
5531	2.38
5532	2.18
5533	0.98
5534	0.69
5535	2.03
5536	2.06
5537	0.28
5538	1.36
5539	0.5
5540	0.03
5541	1.6
5542	0.17
5543	1.87
5544	2.62
5545	1.12
5546	1.13
5547	1.44
5548	1.03
5549	0.62
5550	3.1
5551	0.86
5552	2.09
5553	2.68
5554	2.6
5555	1.28
5556	0.56
5557	0.6
5558	1.56
5559	0.94
5560	0.89
5561	2.92
5562	1.04
5563	2.46
5564	1.61
5565	3.27
5566	1.89
5567	0.48
5568	2.28
5569	1.75
5570	0.89
5571	1.1
5572	2.42
5573	2.86
5574	2.09
5575	0.87
5576	0.08
5577	1.4
5578	1.54
5579	0.26
5580	3.25
5581	2.35
5582	2.04
5583	1.51
5584	1.16
5585	2.38
5586	1.14
5587	1.62
5588	0.65
5589	0.98
5590	0.62
5591	1.5
5592	3.21
5593	2.32
5594	1.0
5595	2.1
5596	2.46
5597	3.04
5598	0.41
5599	0.47
5600	2.24
5601	1.95
5602	2.95
5603	2.72
5604	1.12
5605	2.6
5606	1.87
5607	1.74
5608	1.81
5609	1.66
5610	2.82
5611	2.47
5612	0.02
5613	1.38
5614	3.2
5615	3.07
5616	1.16
5617	2.48
5618	0.41
5619	1.29
5620	2.29
5621	1.9
5622	1.92
5623	0.55
5624	1.57
5625	0.86
5626	2.76
5627	1.17
5628	0.58
5629	0.96
5630	0.45
5631	2.4
5632	1.91
5633	0.11
5634	0.38
5635	2.39
5636	1.82
5637	0.42
5638	2.91
5639	2.27
5640	2.05
5641	3.0
5642	2.05
5643	2.23
5644	2.17
5645	2.79
5646	1.44
5647	1.89
5648	3.37
5649	1.95
5650	3.12
5651	0.99
5652	2.61
5653	2.23
5654	1.79
5655	1.53
5656	2.15
5657	2.13
5658	1.5
5659	1.41
5660	2.78
5661	0.94
5662	1.32
5663	2.38
5664	1.43
5665	1.82
5666	0.99
5667	1.89
5668	0.58
5669	2.55
5670	1.21
5671	0.64
5672	0.62
5673	1.46
5674	0.97
5675	1.68
5676	1.48
5677	0.46
5678	1.92
5679	1.14
5680	1.24
5681	2.03
5682	1.87
5683	1.65
5684	1.14
5685	2.09
5686	0.01
5687	0.67
5688	2.15
5689	1.69
5690	1.74
5691	3.35
5692	1.24
5693	1.45
5694	3.19
5695	2.39
5696	1.06
5697	1.06
5698	2.51
5699	0.81
5700	0.92
5701	1.7
5702	2.6
5703	1.64
5704	0.66
5705	1.35
5706	0.67
5707	1.06
5708	0.96
5709	0.43
5710	1.14
5711	0.58
5712	0.48
5713	1.78
5714	1.72
5715	2.08
5716	2.17
5717	3.02
5718	1.79
5719	1.82
5720	1.79
5721	0.99
5722	1.04
5723	1.63
5724	0.44
5725	0.56
5726	1.68
5727	0.53
5728	2.2
5729	0.94
5730	0.33
5731	1.05
5732	1.51
5733	3.17
5734	1.25
5735	0.88
5736	1.65
5737	2.12
5738	1.98
5739	2.07
5740	0.56
5741	0.1
5742	0.3
5743	1.42
5744	2.21
5745	2.65
5746	2.38
5747	3.04
5748	1.12
5749	1.79
5750	1.45
5751	1.24
5752	1.8
5753	2.15
5754	2.45
5755	0.21
5756	1.5
5757	1.85
5758	2.23
5759	3.35
5760	0.57
5761	0.97
5762	1.2
5763	1.64
5764	0.77
5765	2.35
5766	0.03
5767	2.21
5768	0.42
5769	1.7
5770	0.19
5771	0.73
5772	0.03
5773	1.06
5774	1.83
5775	2.33
5776	0.48
5777	1.72
5778	1.54
5779	2.57
5780	0.93
5781	2.95
5782	4.02
5783	1.37
5784	1.33
5785	1.74
5786	0.43
5787	1.04
5788	1.23
5789	1.79
5790	1.08
5791	2.37
5792	2.37
5793	2.26
5794	0.06
5795	2.9
5796	0.74
5797	1.04
5798	0.85
5799	3.9
5800	0.92
5801	2.2
5802	0.54
5803	1.5
5804	0.82
5805	1.13
5806	1.14
5807	0.93
5808	0.97
5809	0.37
5810	0.91
5811	2.94
5812	2.92
5813	1.21
5814	0.66
5815	0.38
5816	0.97
5817	2.58
5818	0.73
5819	1.5
5820	0.7
5821	1.89
5822	2.27
5823	2.25
5824	0.96
5825	0.8
5826	2.55
5827	1.5
5828	1.32
5829	2.75
5830	1.48
5831	0.51
5832	0.73
5833	2.09
5834	4.1
5835	1.5
5836	1.64
5837	2.43
5838	1.38
5839	1.59
5840	0.81
5841	1.42
5842	0.39
5843	2.22
5844	2.18
5845	3.07
5846	0.94
5847	1.22
5848	0.1
5849	1.55
5850	1.98
5851	2.9
5852	2.19
5853	0.21
5854	1.66
5855	1.04
5856	1.13
5857	2.18
5858	0.56
5859	1.52
5860	1.37
5861	1.18
5862	1.14
5863	1.96
5864	1.88
5865	2.01
5866	0.04
5867	1.93
5868	0.58
5869	1.88
5870	1.37
5871	1.94
5872	0.86
5873	0.48
5874	2.29
5875	1.47
5876	2.1
5877	0.72
5878	2.68
5879	3.09
5880	2.62
5881	0.91
5882	2.3
5883	0.6
5884	2.87
5885	1.66
5886	2.22
5887	2.87
5888	2.86
5889	1.44
5890	0.9
5891	2.78
5892	0.2
5893	0.87
5894	0.99
5895	0.9
5896	2.21
5897	3.75
5898	1.28
5899	2.76
5900	2.14
5901	1.2
5902	1.23
5903	2.27
5904	0.34
5905	1.04
5906	1.83
5907	0.24
5908	0.87
5909	1.47
5910	1.3
5911	1.17
5912	1.67
5913	0.87
5914	1.71
5915	1.93
5916	2.77
5917	3.5
5918	3.68
5919	0.37
5920	2.23
5921	1.82
5922	1.7
5923	1.29
5924	1.87
5925	2.06
5926	0.39
5927	1.45
5928	0.19
5929	0.69
5930	1.31
5931	0.22
5932	0.29
5933	0.58
5934	0.7
5935	1.59
5936	1.78
5937	1.38
5938	0.47
5939	0.63
5940	1.32
5941	0.56
5942	1.28
5943	0.43
5944	1.9
5945	2.79
5946	0.54
5947	2.23
5948	1.05
5949	0.54
5950	2.26
5951	2.51
5952	2.13
5953	0.86
5954	1.31
5955	2.6
5956	2.94
5957	0.64
5958	0.19
5959	2.58
5960	0.64
5961	2.17
5962	0.54
5963	0.8
5964	2.61
5965	0.55
5966	2.17
5967	0.69
5968	1.63
5969	1.26
5970	1.78
5971	2.87
5972	2.88
5973	1.29
5974	0.37
5975	1.38
5976	1.18
5977	1.12
5978	1.76
5979	1.79
5980	2.98
5981	1.49
5982	1.46
5983	0.7
5984	0.73
5985	0.34
5986	1.01
5987	3.34
5988	0.65
5989	1.38
5990	1.51
5991	0.64
5992	0.6
5993	1.79
5994	1.9
5995	1.15
5996	0.61
5997	0.98
5998	2.06
5999	1.79
6000	2.05
6001	1.77
6002	2.74
6003	1.88
6004	1.21
6005	1.3
6006	3.12
6007	1.74
6008	1.02
6009	1.93
6010	0.91
6011	0.73
6012	3.04
6013	0.76
6014	1.16
6015	0.97
6016	1.31
6017	2.7
6018	0.84
6019	1.0
6020	2.4
6021	2.96
6022	2.42
6023	2.86
6024	2.96
6025	1.25
6026	1.21
6027	0.6
6028	0.95
6029	1.11
6030	1.3
6031	1.63
6032	0.53
6033	1.89
6034	1.12
6035	0.93
6036	2.17
6037	1.0
6038	2.39
6039	1.81
6040	0.54
6041	1.6
6042	1.2
6043	2.16
6044	2.09
6045	2.14
6046	2.17
6047	1.86
6048	0.64
6049	1.77
6050	2.6
6051	1.72
6052	1.83
6053	1.85
6054	0.77
6055	1.9
6056	1.0
6057	1.52
6058	3.47
6059	2.66
6060	1.87
6061	1.32
6062	0.73
6063	2.96
6064	2.77
6065	0.83
6066	2.34
6067	1.6
6068	0.97
6069	0.46
6070	0.87
6071	2.32
6072	3.18
6073	1.7
6074	0.41
6075	2.24
6076	0.23
6077	2.04
6078	1.53
6079	1.22
6080	3.38
6081	0.74
6082	1.76
6083	1.72
6084	1.67
6085	0.65
6086	1.41
6087	2.29
6088	2.16
6089	1.08
6090	1.53
6091	2.32
6092	1.09
6093	2.35
6094	0.3
6095	3.91
6096	2.99
6097	0.63
6098	1.57
6099	1.85
6100	1.66
6101	3.13
6102	1.46
6103	0.4
6104	3.17
6105	2.27
6106	1.02
6107	0.67
6108	1.44
6109	1.8
6110	1.37
6111	1.61
6112	0.03
6113	1.06
6114	0.36
6115	0.61
6116	0.61
6117	1.43
6118	2.37
6119	1.33
6120	0.33
6121	1.76
6122	1.77
6123	0.3
6124	2.82
6125	2.59
6126	2.24
6127	1.88
6128	3.35
6129	0.54
6130	2.39
6131	2.57
6132	1.34
6133	1.19
6134	0.77
6135	0.72
6136	1.04
6137	0.99
6138	2.56
6139	2.76
6140	0.86
6141	1.36
6142	1.41
6143	2.21
6144	0.3
6145	1.48
6146	0.81
6147	2.73
6148	1.17
6149	1.04
6150	0.41
6151	0.42
6152	0.73
6153	1.96
6154	2.05
6155	1.43
6156	1.33
6157	1.12
6158	1.0
6159	3.23
6160	1.39
6161	1.13
6162	0.96
6163	2.67
6164	2.83
6165	1.06
6166	1.81
6167	0.71
6168	0.56
6169	3.6
6170	2.28
6171	1.86
6172	0.98
6173	1.23
6174	1.82
6175	1.53
6176	1.66
6177	1.61
6178	0.78
6179	2.54
6180	2.07
6181	1.31
6182	0.65
6183	1.45
6184	0.49
6185	1.27
6186	1.93
6187	0.91
6188	2.74
6189	1.93
6190	4.02
6191	1.35
6192	2.44
6193	1.89
6194	0.32
6195	1.84
6196	0.29
6197	1.83
6198	0.5
6199	0.73
6200	0.84
6201	1.51
6202	1.66
6203	3.51
6204	1.97
6205	0.93
6206	2.08
6207	1.77
6208	0.54
6209	0.34
6210	2.54
6211	0.4
6212	0.94
6213	2.01
6214	3.31
6215	1.14
6216	2.81
6217	3.33
6218	0.12
6219	1.65
6220	3.39
6221	1.01
6222	1.8
6223	2.76
6224	0.65
6225	3.83
6226	0.88
6227	1.75
6228	2.15
6229	0.65
6230	0.58
6231	0.3
6232	0.35
6233	0.99
6234	0.72
6235	1.48
6236	2.59
6237	0.51
6238	2.16
6239	1.93
6240	1.15
6241	1.49
6242	1.26
6243	2.53
6244	1.47
6245	0.95
6246	1.01
6247	0.41
6248	0.66
6249	0.77
6250	1.37
6251	1.67
6252	1.91
6253	1.06
6254	1.14
6255	1.94
6256	1.99
6257	1.57
6258	2.97
6259	1.18
6260	1.04
6261	0.72
6262	0.93
6263	2.36
6264	0.85
6265	0.72
6266	2.17
6267	0.87
6268	1.04
6269	2.63
6270	1.88
6271	4.04
6272	1.95
6273	1.97
6274	1.95
6275	0.33
6276	0.99
6277	1.31
6278	1.2
6279	1.36
6280	1.97
6281	0.55
6282	1.34
6283	1.19
6284	1.29
6285	2.24
6286	0.84
6287	1.2
6288	0.82
6289	0.58
6290	0.36
6291	1.01
6292	2.92
6293	0.08
6294	1.69
6295	2.41
6296	1.34
6297	1.27
6298	3.18
6299	3.05
6300	1.07
6301	1.07
6302	1.97
6303	1.71
6304	2.14
6305	1.8
6306	0.63
6307	1.55
6308	2.93
6309	1.04
6310	2.27
6311	2.37
6312	0.66
6313	0.51
6314	3.39
6315	1.61
6316	2.16
6317	2.27
6318	1.4
6319	2.33
6320	1.2
6321	2.76
6322	3.37
6323	1.55
6324	2.87
6325	2.26
6326	2.37
6327	2.34
6328	2.25
6329	1.4
6330	3.1
6331	1.62
6332	0.44
6333	1.22
6334	1.06
6335	0.85
6336	1.98
6337	2.48
6338	2.65
6339	0.7
6340	1.95
6341	0.42
6342	3.04
6343	0.62
6344	0.32
6345	2.12
6346	2.57
6347	1.2
6348	1.96
6349	3.43
6350	3.14
6351	1.9
6352	1.39
6353	1.32
6354	1.7
6355	2.87
6356	2.14
6357	1.98
6358	2.5
6359	3.43
6360	0.35
6361	0.27
6362	2.94
6363	1.52
6364	1.45
6365	2.6
6366	2.31
6367	1.88
6368	0.45
6369	3.45
6370	1.34
6371	0.4
6372	2.5
6373	2.55
6374	0.66
6375	0.63
6376	0.95
6377	2.4
6378	1.1
6379	0.54
6380	1.7
6381	1.3
6382	0.9
6383	1.76
6384	1.09
6385	1.88
6386	1.16
6387	2.15
6388	0.99
6389	0.54
6390	1.53
6391	2.95
6392	0.36
6393	0.18
6394	1.11
6395	2.09
6396	0.99
6397	1.94
6398	0.4
6399	1.29
6400	1.69
6401	2.14
6402	1.44
6403	2.85
6404	2.12
6405	1.93
6406	2.0
6407	3.91
6408	2.5
6409	1.15
6410	2.0
6411	2.45
6412	2.05
6413	1.38
6414	0.16
6415	1.32
6416	2.45
6417	0.61
6418	2.26
6419	1.16
6420	2.27
6421	1.77
6422	1.04
6423	0.57
6424	1.66
6425	0.73
6426	2.21
6427	0.13
6428	1.5
6429	0.44
6430	0.38
6431	0.9
6432	2.09
6433	1.12
6434	1.54
6435	1.96
6436	2.27
6437	1.55
6438	1.15
6439	2.82
6440	1.45
6441	0.31
6442	0.54
6443	0.67
6444	2.18
6445	0.93
6446	3.14
6447	0.71
6448	1.51
6449	1.73
6450	0.68
6451	0.5
6452	1.69
6453	0.36
6454	2.13
6455	1.43
6456	0.05
6457	0.2
6458	1.44
6459	0.34
6460	1.55
6461	2.05
6462	1.09
6463	1.88
6464	0.87
6465	2.38
6466	2.81
6467	2.8
6468	1.14
6469	2.0
6470	0.83
6471	1.51
6472	0.95
6473	1.74
6474	0.36
6475	1.25
6476	0.3
6477	1.04
6478	1.9
6479	1.99
6480	2.26
6481	2.58
6482	0.99
6483	1.95
6484	1.58
6485	2.13
6486	3.02
6487	0.95
6488	1.73
6489	3.22
6490	1.25
6491	1.45
6492	1.31
6493	1.37
6494	1.46
6495	1.19
6496	3.17
6497	1.95
6498	1.5
6499	2.62
6500	1.21
6501	3.28
6502	0.63
6503	1.68
6504	0.17
6505	3.12
6506	0.04
6507	2.09
6508	0.83
6509	1.19
6510	2.74
6511	1.82
6512	2.3
6513	0.59
6514	3.39
6515	0.57
6516	3.32
6517	2.69
6518	1.68
6519	0.48
6520	0.7
6521	1.51
6522	1.87
6523	0.99
6524	0.45
6525	1.15
6526	2.03
6527	3.32
6528	1.38
6529	1.89
6530	2.7
6531	0.83
6532	0.25
6533	3.11
6534	2.33
6535	1.12
6536	2.25
6537	0.96
6538	1.86
6539	0.75
6540	1.49
6541	2.33
6542	2.9
6543	1.4
6544	1.49
6545	0.74
6546	1.92
6547	1.4
6548	2.95
6549	1.89
6550	0.37
6551	1.42
6552	2.65
6553	2.49
6554	0.71
6555	1.21
6556	1.76
6557	1.99
6558	2.25
6559	2.53
6560	2.32
6561	0.5
6562	3.19
6563	0.41
6564	0.47
6565	0.15
6566	1.99
6567	0.33
6568	0.03
6569	0.2
6570	0.01
6571	0.73
6572	1.48
6573	2.53
6574	2.08
6575	1.69
6576	0.97
6577	1.83
6578	1.18
6579	1.98
6580	2.58
6581	3.04
6582	1.45
6583	2.69
6584	1.24
6585	1.58
6586	1.11
6587	1.34
6588	1.98
6589	1.71
6590	1.86
6591	1.42
6592	1.44
6593	0.82
6594	2.93
6595	2.67
6596	0.74
6597	2.17
6598	0.78
6599	0.56
6600	1.7
6601	0.31
6602	0.09
6603	0.46
6604	1.91
6605	1.63
6606	2.91
6607	0.3
6608	2.09
6609	1.09
6610	3.49
6611	2.87
6612	1.02
6613	1.16
6614	1.89
6615	1.61
6616	0.68
6617	2.33
6618	2.8
6619	3.71
6620	1.83
6621	1.5
6622	1.14
6623	1.52
6624	1.43
6625	3.88
6626	0.96
6627	2.47
6628	1.6
6629	2.56
6630	0.47
6631	2.54
6632	0.65
6633	2.34
6634	2.87
6635	1.04
6636	1.01
6637	2.8
6638	0.36
6639	1.38
6640	1.68
6641	1.44
6642	1.88
6643	1.63
6644	1.64
6645	1.22
6646	0.76
6647	2.54
6648	3.39
6649	1.81
6650	0.58
6651	1.55
6652	1.05
6653	0.26
6654	1.52
6655	2.22
6656	0.35
6657	2.8
6658	1.23
6659	2.03
6660	1.21
6661	1.26
6662	2.06
6663	2.21
6664	0.24
6665	1.33
6666	0.43
6667	2.16
6668	2.56
6669	0.57
6670	3.32
6671	0.53
6672	0.33
6673	1.82
6674	0.9
6675	2.18
6676	1.59
6677	1.07
6678	1.74
6679	3.53
6680	2.11
6681	2.17
6682	2.66
6683	0.1
6684	1.52
6685	1.46
6686	1.92
6687	0.83
6688	2.09
6689	1.48
6690	1.09
6691	1.99
6692	1.52
6693	1.93
6694	4.15
6695	0.52
6696	2.38
6697	1.47
6698	1.33
6699	0.55
6700	2.14
6701	2.79
6702	1.19
6703	1.6
6704	2.66
6705	1.54
6706	1.76
6707	3.23
6708	3.13
6709	1.91
6710	2.46
6711	0.51
6712	1.06
6713	0.32
6714	1.8
6715	2.42
6716	0.72
6717	1.55
6718	2.33
6719	1.56
6720	2.8
6721	1.7
6722	1.22
6723	2.56
6724	0.9
6725	1.08
6726	1.6
6727	1.83
6728	1.26
6729	2.15
6730	1.12
6731	2.55
6732	2.04
6733	3.03
6734	1.99
6735	0.58
6736	0.34
6737	0.94
6738	1.81
6739	1.45
6740	3.12
6741	0.09
6742	1.64
6743	1.29
6744	0.02
6745	1.99
6746	0.86
6747	0.15
6748	1.36
6749	0.1
6750	3.04
6751	2.16
6752	2.24
6753	0.9
6754	1.05
6755	2.21
6756	1.41
6757	0.74
6758	3.05
6759	1.9
6760	0.97
6761	0.73
6762	2.37
6763	0.05
6764	0.72
6765	2.64
6766	3.38
6767	0.23
6768	0.4
6769	2.76
6770	1.82
6771	0.14
6772	1.67
6773	0.18
6774	1.17
6775	1.12
6776	1.02
6777	2.58
6778	0.99
6779	1.14
6780	1.06
6781	1.75
6782	1.11
6783	3.75
6784	1.56
6785	2.25
6786	0.36
6787	1.43
6788	2.3
6789	1.12
6790	0.63
6791	0.83
6792	2.71
6793	2.0
6794	1.82
6795	1.97
6796	1.18
6797	0.45
6798	1.38
6799	3.75
6800	2.55
6801	3.03
6802	4.14
6803	0.06
6804	2.4
6805	0.37
6806	1.83
6807	1.44
6808	2.18
6809	0.18
6810	0.57
6811	3.83
6812	1.1
6813	0.95
6814	1.98
6815	0.05
6816	1.29
6817	1.61
6818	1.11
6819	1.74
6820	0.14
6821	2.7
6822	0.73
6823	1.28
6824	1.26
6825	0.74
6826	1.67
6827	2.43
6828	1.08
6829	1.92
6830	0.53
6831	2.5
6832	0.21
6833	2.36
6834	1.07
6835	2.54
6836	1.54
6837	3.09
6838	0.55
6839	3.74
6840	1.11
6841	1.13
6842	2.42
6843	1.17
6844	1.95
6845	2.24
6846	0.69
6847	0.33
6848	2.4
6849	0.74
6850	0.6
6851	1.16
6852	0.41
6853	1.13
6854	1.68
6855	2.43
6856	1.37
6857	1.52
6858	0.3
6859	1.8
6860	0.43
6861	1.44
6862	0.23
6863	1.97
6864	1.19
6865	1.11
6866	3.84
6867	0.54
6868	2.46
6869	0.19
6870	1.87
6871	0.7
6872	1.96
6873	1.51
6874	2.1
6875	2.32
6876	1.79
6877	1.81
6878	2.68
6879	2.79
6880	1.3
6881	1.33
6882	2.12
6883	1.12
6884	2.82
6885	1.43
6886	3.35
6887	2.45
6888	1.76
6889	0.92
6890	1.35
6891	1.77
6892	1.88
6893	1.09
6894	1.99
6895	2.72
6896	2.09
6897	0.25
6898	0.83
6899	1.34
6900	2.31
6901	2.18
6902	0.85
6903	1.12
6904	2.22
6905	1.52
6906	2.44
6907	0.28
6908	2.01
6909	0.93
6910	2.37
6911	1.44
6912	1.97
6913	1.58
6914	0.96
6915	2.16
6916	2.42
6917	0.19
6918	1.48
6919	1.65
6920	2.23
6921	1.26
6922	0.16
6923	1.15
6924	1.67
6925	1.33
6926	2.35
6927	0.93
6928	3.69
6929	2.18
6930	1.82
6931	0.33
6932	3.07
6933	0.52
6934	0.06
6935	1.32
6936	1.69
6937	3.43
6938	0.08
6939	2.28
6940	3.62
6941	0.39
6942	0.48
6943	0.2
6944	0.58
6945	0.37
6946	2.4
6947	1.26
6948	2.15
6949	1.76
6950	0.02
6951	1.19
6952	0.86
6953	1.86
6954	0.92
6955	0.72
6956	0.69
6957	1.01
6958	0.79
6959	2.08
6960	1.52
6961	0.62
6962	3.21
6963	2.05
6964	2.15
6965	1.35
6966	2.43
6967	1.9
6968	1.32
6969	0.83
6970	1.53
6971	1.79
6972	1.13
6973	2.28
6974	2.06
6975	2.77
6976	2.19
6977	2.9
6978	3.73
6979	1.61
6980	3.0
6981	1.14
6982	2.47
6983	1.85
6984	0.7
6985	1.6
6986	1.96
6987	3.21
6988	0.77
6989	2.87
6990	1.5
6991	0.99
6992	2.45
6993	1.27
6994	2.01
6995	2.74
6996	1.49
6997	2.21
6998	0.11
6999	1.07
7000	1.4
7001	0.06
7002	2.9
7003	2.41
7004	0.85
7005	2.1
7006	1.67
7007	1.63
7008	2.85
7009	0.57
7010	1.36
7011	2.27
7012	2.47
7013	3.16
7014	0.05
7015	1.67
7016	1.51
7017	2.04
7018	1.32
7019	1.68
7020	1.81
7021	1.56
7022	1.41
7023	0.25
7024	1.61
7025	2.62
7026	2.51
7027	1.69
7028	1.99
7029	2.04
7030	2.14
7031	1.8
7032	1.77
7033	2.01
7034	1.12
7035	0.68
7036	1.2
7037	0.92
7038	1.94
7039	2.89
7040	1.7
7041	2.09
7042	0.51
7043	0.4
7044	1.78
7045	0.45
7046	0.88
7047	1.59
7048	3.75
7049	2.25
7050	1.02
7051	2.5
7052	1.03
7053	0.04
7054	2.87
7055	1.85
7056	2.45
7057	1.75
7058	2.85
7059	1.82
7060	1.81
7061	1.81
7062	0.16
7063	0.73
7064	1.13
7065	1.88
7066	0.23
7067	0.1
7068	0.62
7069	1.24
7070	2.14
7071	1.64
7072	0.17
7073	1.86
7074	3.36
7075	0.66
7076	3.06
7077	1.69
7078	0.84
7079	3.16
7080	0.72
7081	0.99
7082	1.88
7083	0.82
7084	0.71
7085	1.27
7086	1.98
7087	1.49
7088	0.12
7089	2.31
7090	2.64
7091	2.21
7092	0.28
7093	2.27
7094	2.36
7095	1.84
7096	0.55
7097	1.38
7098	2.25
7099	1.39
7100	1.37
7101	1.55
7102	1.64
7103	1.32
7104	2.43
7105	2.37
7106	1.66
7107	0.41
7108	0.64
7109	1.39
7110	1.31
7111	0.95
7112	1.07
7113	1.75
7114	1.66
7115	1.01
7116	1.96
7117	2.91
7118	1.73
7119	1.16
7120	3.28
7121	2.01
7122	2.54
7123	3.27
7124	1.66
7125	1.15
7126	1.88
7127	2.17
7128	2.5
7129	1.18
7130	3.2
7131	1.5
7132	1.06
7133	1.76
7134	0.88
7135	1.32
7136	0.76
7137	0.63
7138	3.3
7139	0.41
7140	3.01
7141	2.89
7142	1.91
7143	1.99
7144	3.26
7145	1.7
7146	1.14
7147	1.74
7148	1.92
7149	1.1
7150	1.42
7151	0.76
7152	2.51
7153	1.77
7154	0.13
7155	3.79
7156	1.34
7157	1.04
7158	2.51
7159	1.45
7160	2.56
7161	0.93
7162	0.98
7163	1.38
7164	1.95
7165	1.11
7166	1.87
7167	1.66
7168	1.41
7169	1.26
7170	1.67
7171	2.66
7172	0.89
7173	1.15
7174	2.25
7175	2.33
7176	3.02
7177	2.26
7178	0.98
7179	1.71
7180	1.58
7181	0.8
7182	1.58
7183	1.55
7184	3.26
7185	2.42
7186	1.06
7187	2.11
7188	1.11
7189	1.33
7190	0.86
7191	1.65
7192	0.89
7193	2.91
7194	1.48
7195	1.89
7196	1.55
7197	4.36
7198	1.99
7199	1.55
7200	0.62
7201	2.84
7202	1.66
7203	1.96
7204	0.96
7205	0.15
7206	1.07
7207	2.41
7208	1.7
7209	1.58
7210	1.87
7211	0.44
7212	0.24
7213	1.48
7214	0.66
7215	1.03
7216	0.53
7217	1.91
7218	1.15
7219	1.62
7220	0.76
7221	1.37
7222	2.88
7223	1.73
7224	3.0
7225	2.05
7226	1.15
7227	1.37
7228	1.58
7229	1.05
7230	0.64
7231	1.05
7232	1.67
7233	1.2
7234	0.51
7235	1.96
7236	1.54
7237	0.84
7238	1.38
7239	0.57
7240	0.99
7241	2.61
7242	1.89
7243	2.67
7244	1.75
7245	2.27
7246	2.53
7247	1.5
7248	1.66
7249	3.56
7250	3.18
7251	1.96
7252	0.83
7253	3.12
7254	2.51
7255	3.14
7256	3.32
7257	2.59
7258	0.78
7259	1.37
7260	3.23
7261	0.3
7262	0.99
7263	1.74
7264	0.46
7265	1.75
7266	2.01
7267	0.88
7268	1.83
7269	1.57
7270	1.03
7271	1.93
7272	2.57
7273	2.92
7274	0.42
7275	2.9
7276	2.03
7277	0.46
7278	1.99
7279	1.08
7280	1.12
7281	3.4
7282	2.89
7283	2.14
7284	0.84
7285	2.19
7286	1.7
7287	1.68
7288	1.54
7289	1.56
7290	2.0
7291	1.9
7292	1.64
7293	1.75
7294	2.63
7295	1.58
7296	0.41
7297	2.46
7298	2.58
7299	2.95
7300	1.12
7301	1.26
7302	2.42
7303	0.33
7304	0.88
7305	1.91
7306	1.36
7307	3.06
7308	1.18
7309	1.56
7310	0.36
7311	0.41
7312	2.1
7313	1.86
7314	1.53
7315	0.77
7316	1.53
7317	1.86
7318	1.25
7319	1.48
7320	2.83
7321	1.31
7322	0.48
7323	2.99
7324	1.73
7325	1.52
7326	3.58
7327	2.05
7328	1.11
7329	0.24
7330	0.43
7331	1.45
7332	3.73
7333	0.45
7334	1.49
7335	3.73
7336	0.93
7337	2.67
7338	2.1
7339	0.35
7340	0.37
7341	0.9
7342	2.93
7343	1.67
7344	2.34
7345	1.44
7346	1.99
7347	0.1
7348	1.15
7349	2.32
7350	2.34
7351	2.26
7352	1.26
7353	1.89
7354	0.76
7355	2.54
7356	2.2
7357	2.25
7358	1.35
7359	0.56
7360	2.8
7361	2.56
7362	1.58
7363	1.61
7364	2.77
7365	2.91
7366	1.74
7367	1.52
7368	2.6
7369	0.26
7370	0.61
7371	1.06
7372	2.13
7373	1.55
7374	1.87
7375	2.13
7376	2.26
7377	1.57
7378	1.41
7379	1.65
7380	1.45
7381	0.78
7382	1.75
7383	2.5
7384	0.25
7385	0.65
7386	2.15
7387	0.86
7388	1.96
7389	1.1
7390	1.3
7391	1.0
7392	0.48
7393	0.08
7394	2.59
7395	2.23
7396	1.03
7397	0.67
7398	0.96
7399	1.74
7400	1.62
7401	1.1
7402	0.33
7403	2.47
7404	0.29
7405	2.41
7406	1.63
7407	1.89
7408	1.71
7409	2.45
7410	2.03
7411	0.31
7412	1.4
7413	2.03
7414	2.52
7415	2.31
7416	1.7
7417	2.52
7418	0.81
7419	1.43
7420	0.69
7421	1.73
7422	1.91
7423	1.33
7424	4.8
7425	2.66
7426	1.47
7427	1.63
7428	0.49
7429	1.17
7430	1.03
7431	0.84
7432	1.55
7433	0.9
7434	1.3
7435	1.51
7436	1.11
7437	1.14
7438	2.36
7439	0.67
7440	1.04
7441	1.75
7442	0.63
7443	0.69
7444	0.9
7445	0.83
7446	2.8
7447	1.35
7448	1.39
7449	0.76
7450	1.88
7451	2.88
7452	2.34
7453	2.12
7454	1.53
7455	3.3
7456	3.25
7457	0.25
7458	2.46
7459	0.82
7460	1.99
7461	1.05
7462	2.2
7463	3.04
7464	0.6
7465	1.68
7466	1.26
7467	2.23
7468	0.06
7469	0.76
7470	1.47
7471	0.91
7472	0.6
7473	0.15
7474	1.13
7475	1.88
7476	1.07
7477	2.07
7478	1.53
7479	0.7
7480	1.22
7481	1.52
7482	0.94
7483	0.56
7484	1.55
7485	0.28
7486	1.38
7487	3.05
7488	1.79
7489	0.82
7490	0.87
7491	0.83
7492	2.53
7493	1.41
7494	2.75
7495	0.68
7496	1.69
7497	3.32
7498	2.88
7499	1.3
7500	1.66
7501	3.52
7502	1.55
7503	1.31
7504	2.31
7505	0.98
7506	1.45
7507	0.95
7508	1.41
7509	1.81
7510	1.25
7511	0.73
7512	2.62
7513	0.68
7514	0.79
7515	0.61
7516	0.63
7517	1.74
7518	1.27
7519	1.57
7520	2.51
7521	0.69
7522	2.41
7523	2.13
7524	1.92
7525	1.72
7526	4.46
7527	1.45
7528	0.97
7529	1.26
7530	0.64
7531	0.25
7532	2.41
7533	2.21
7534	3.82
7535	3.78
7536	2.92
7537	2.39
7538	1.99
7539	3.44
7540	2.21
7541	3.01
7542	0.14
7543	1.38
7544	1.25
7545	1.74
7546	0.9
7547	1.61
7548	0.14
7549	1.75
7550	1.87
7551	2.39
7552	2.42
7553	1.29
7554	3.81
7555	0.83
7556	1.58
7557	2.45
7558	2.53
7559	1.34
7560	1.46
7561	2.98
7562	1.31
7563	0.9
7564	2.12
7565	1.48
7566	1.5
7567	0.74
7568	1.34
7569	1.76
7570	2.06
7571	0.13
7572	2.22
7573	2.46
7574	1.34
7575	0.52
7576	1.69
7577	2.51
7578	3.18
7579	2.03
7580	2.55
7581	1.78
7582	0.7
7583	0.63
7584	1.7
7585	2.62
7586	1.78
7587	1.86
7588	0.9
7589	1.07
7590	1.31
7591	1.55
7592	0.91
7593	1.39
7594	1.59
7595	2.06
7596	2.31
7597	0.91
7598	0.05
7599	0.38
7600	1.86
7601	1.17
7602	1.14
7603	1.24
7604	1.15
7605	1.42
7606	1.99
7607	0.44
7608	1.68
7609	3.81
7610	1.14
7611	1.66
7612	1.6
7613	1.51
7614	2.1
7615	1.12
7616	1.05
7617	3.07
7618	2.21
7619	2.78
7620	0.49
7621	1.31
7622	1.27
7623	1.7
7624	0.8
7625	0.3
7626	1.95
7627	2.58
7628	0.14
7629	2.5
7630	2.09
7631	1.35
7632	2.17
7633	1.79
7634	0.73
7635	0.66
7636	2.3
7637	0.13
7638	0.42
7639	1.69
7640	2.16
7641	1.68
7642	0.64
7643	2.97
7644	0.82
7645	1.43
7646	1.44
7647	0.97
7648	3.0
7649	1.39
7650	0.05
7651	3.43
7652	1.93
7653	2.84
7654	1.74
7655	1.25
7656	3.12
7657	0.59
7658	3.48
7659	2.02
7660	2.53
7661	1.91
7662	1.02
7663	2.09
7664	2.26
7665	1.58
7666	0.59
7667	3.05
7668	1.17
7669	2.33
7670	2.49
7671	1.5
7672	2.16
7673	1.91
7674	1.91
7675	3.21
7676	2.63
7677	0.62
7678	2.69
7679	2.12
7680	1.48
7681	0.31
7682	2.25
7683	0.72
7684	1.89
7685	2.18
7686	1.86
7687	1.96
7688	1.41
7689	1.4
7690	0.39
7691	1.76
7692	1.28
7693	1.04
7694	2.56
7695	1.39
7696	2.13
7697	1.06
7698	0.75
7699	0.3
7700	3.14
7701	2.14
7702	2.93
7703	1.3
7704	0.81
7705	0.71
7706	0.27
7707	2.23
7708	0.86
7709	2.25
7710	2.88
7711	1.48
7712	2.57
7713	3.09
7714	2.84
7715	0.83
7716	0.43
7717	3.46
7718	1.58
7719	0.2
7720	0.64
7721	1.67
7722	1.39
7723	1.22
7724	1.03
7725	1.66
7726	2.5
7727	1.43
7728	0.86
7729	0.36
7730	0.89
7731	0.97
7732	0.62
7733	2.31
7734	1.34
7735	0.92
7736	0.04
7737	1.47
7738	2.1
7739	0.38
7740	1.91
7741	0.68
7742	1.33
7743	0.78
7744	2.18
7745	0.66
7746	2.52
7747	2.14
7748	1.7
7749	0.93
7750	1.21
7751	0.17
7752	1.86
7753	1.37
7754	1.44
7755	1.82
7756	0.7
7757	1.85
7758	2.13
7759	0.2
7760	0.87
7761	0.55
7762	1.21
7763	1.41
7764	0.31
7765	1.83
7766	0.98
7767	1.19
7768	1.01
7769	1.76
7770	0.44
7771	2.54
7772	2.04
7773	1.31
7774	1.74
7775	1.38
7776	2.3
7777	2.55
7778	2.41
7779	3.86
7780	0.33
7781	1.69
7782	0.34
7783	2.36
7784	1.53
7785	0.64
7786	1.0
7787	0.69
7788	2.94
7789	0.63
7790	1.42
7791	1.5
7792	3.03
7793	0.12
7794	1.52
7795	1.87
7796	2.89
7797	1.56
7798	0.93
7799	0.39
7800	1.39
7801	2.57
7802	2.37
7803	2.86
7804	0.09
7805	1.16
7806	1.55
7807	2.06
7808	0.74
7809	2.61
7810	1.34
7811	1.85
7812	0.54
7813	0.99
7814	1.46
7815	0.31
7816	3.34
7817	1.83
7818	1.32
7819	0.69
7820	1.22
7821	1.03
7822	1.28
7823	1.51
7824	2.68
7825	1.5
7826	1.49
7827	3.56
7828	0.11
7829	2.31
7830	2.16
7831	0.6
7832	1.75
7833	1.65
7834	1.91
7835	1.29
7836	2.34
7837	1.65
7838	2.6
7839	2.2
7840	1.95
7841	1.78
7842	1.91
7843	3.27
7844	0.94
7845	2.21
7846	1.91
7847	0.51
7848	1.98
7849	1.27
7850	0.66
7851	1.26
7852	0.9
7853	2.11
7854	2.62
7855	1.32
7856	0.69
7857	2.22
7858	1.27
7859	1.23
7860	2.64
7861	2.54
7862	0.1
7863	1.45
7864	2.37
7865	2.82
7866	1.13
7867	2.04
7868	2.32
7869	2.38
7870	1.24
7871	1.54
7872	1.25
7873	0.0
7874	0.1
7875	2.01
7876	1.72
7877	1.63
7878	2.31
7879	1.59
7880	2.61
7881	2.99
7882	0.12
7883	0.11
7884	2.75
7885	2.16
7886	1.97
7887	0.28
7888	1.82
7889	1.24
7890	2.96
7891	0.06
7892	1.44
7893	2.13
7894	1.16
7895	0.55
7896	2.36
7897	0.75
7898	1.39
7899	0.39
7900	2.2
7901	1.64
7902	1.75
7903	1.62
7904	1.21
7905	3.57
7906	1.32
7907	0.18
7908	3.15
7909	2.75
7910	1.83
7911	1.28
7912	1.58
7913	1.35
7914	0.77
7915	0.17
7916	3.57
7917	1.18
7918	1.16
7919	0.21
7920	1.8
7921	2.34
7922	0.32
7923	3.73
7924	4.74
7925	0.42
7926	2.43
7927	1.1
7928	0.07
7929	1.9
7930	2.09
7931	0.63
7932	1.11
7933	1.73
7934	1.75
7935	1.62
7936	0.7
7937	1.6
7938	3.32
7939	3.01
7940	1.82
7941	0.99
7942	1.21
7943	0.53
7944	1.6
7945	1.65
7946	0.25
7947	0.54
7948	1.14
7949	1.68
7950	1.58
7951	1.88
7952	0.21
7953	1.58
7954	1.5
7955	1.47
7956	0.69
7957	0.69
7958	1.53
7959	2.41
7960	2.78
7961	1.57
7962	0.12
7963	0.57
7964	0.93
7965	1.93
7966	1.13
7967	0.66
7968	2.71
7969	1.85
7970	1.37
7971	0.75
7972	0.17
7973	1.59
7974	1.23
7975	1.9
7976	2.1
7977	3.67
7978	0.06
7979	1.23
7980	0.52
7981	2.2
7982	1.78
7983	1.41
7984	3.61
7985	0.57
7986	1.07
7987	1.98
7988	2.83
7989	2.58
7990	1.95
7991	1.32
7992	1.4
7993	2.46
7994	1.77
7995	0.16
7996	1.43
7997	2.25
7998	2.09
7999	0.72
8000	2.31
8001	1.82
8002	1.22
8003	1.98
8004	0.54
8005	1.89
8006	2.0
8007	0.58
8008	3.23
8009	0.06
8010	1.38
8011	3.94
8012	0.82
8013	1.21
8014	0.97
8015	3.02
8016	1.41
8017	0.98
8018	0.63
8019	0.9
8020	2.55
8021	0.18
8022	1.2
8023	1.41
8024	2.31
8025	1.75
8026	1.47
8027	2.55
8028	1.81
8029	0.11
8030	2.81
8031	2.34
8032	0.58
8033	1.03
8034	1.44
8035	1.54
8036	1.66
8037	0.68
8038	1.13
8039	0.52
8040	0.95
8041	1.22
8042	1.3
8043	1.41
8044	2.65
8045	1.57
8046	3.53
8047	3.88
8048	0.75
8049	2.7
8050	0.65
8051	3.47
8052	1.78
8053	2.96
8054	1.36
8055	1.88
8056	1.44
8057	1.56
8058	0.83
8059	0.21
8060	1.55
8061	3.04
8062	1.05
8063	3.0
8064	1.65
8065	1.08
8066	1.19
8067	1.45
8068	1.53
8069	0.23
8070	1.43
8071	0.6
8072	2.51
8073	0.79
8074	0.59
8075	0.28
8076	0.39
8077	0.05
8078	1.26
8079	0.85
8080	3.77
8081	1.85
8082	3.34
8083	1.9
8084	2.22
8085	0.51
8086	0.49
8087	2.38
8088	1.01
8089	0.68
8090	3.87
8091	2.83
8092	0.48
8093	0.06
8094	1.79
8095	1.51
8096	1.25
8097	1.79
8098	1.18
8099	0.68
8100	0.8
8101	1.44
8102	0.52
8103	0.4
8104	1.3
8105	1.65
8106	2.13
8107	1.07
8108	1.28
8109	0.52
8110	2.11
8111	1.55
8112	1.0
8113	1.06
8114	3.13
8115	0.08
8116	1.05
8117	2.94
8118	0.91
8119	4.39
8120	0.48
8121	1.53
8122	2.51
8123	1.52
8124	2.22
8125	1.06
8126	2.71
8127	1.17
8128	0.23
8129	0.2
8130	1.04
8131	0.63
8132	0.62
8133	1.69
8134	1.78
8135	2.54
8136	1.28
8137	2.55
8138	1.05
8139	2.48
8140	2.68
8141	2.25
8142	2.24
8143	2.29
8144	2.02
8145	0.92
8146	1.7
8147	3.24
8148	1.91
8149	1.01
8150	2.22
8151	2.73
8152	1.84
8153	0.85
8154	1.52
8155	1.59
8156	1.92
8157	1.22
8158	1.32
8159	1.43
8160	1.95
8161	2.18
8162	2.14
8163	2.55
8164	0.66
8165	1.74
8166	1.5
8167	1.38
8168	1.16
8169	1.39
8170	1.17
8171	1.23
8172	2.28
8173	0.96
8174	0.64
8175	0.23
8176	2.48
8177	1.94
8178	0.74
8179	2.21
8180	3.05
8181	0.68
8182	1.4
8183	1.05
8184	1.01
8185	1.46
8186	2.69
8187	0.83
8188	2.3
8189	2.17
8190	1.89
8191	1.71
8192	1.69
8193	2.43
8194	0.11
8195	2.34
8196	2.01
8197	1.47
8198	2.97
8199	1.7
8200	1.5
8201	0.9
8202	2.21
8203	0.21
8204	1.59
8205	3.61
8206	0.26
8207	2.15
8208	1.29
8209	0.5
8210	0.59
8211	1.53
8212	3.09
8213	2.95
8214	1.02
8215	0.12
8216	1.58
8217	1.58
8218	0.47
8219	1.17
8220	2.69
8221	2.14
8222	0.78
8223	1.5
8224	0.87
8225	0.73
8226	1.89
8227	0.88
8228	1.86
8229	0.81
8230	2.3
8231	1.62
8232	2.84
8233	0.89
8234	0.72
8235	0.95
8236	1.42
8237	3.2
8238	0.83
8239	1.76
8240	1.95
8241	0.16
8242	3.87
8243	1.08
8244	0.26
8245	3.54
8246	1.29
8247	0.99
8248	0.64
8249	4.11
8250	0.92
8251	0.64
8252	1.07
8253	1.03
8254	0.69
8255	1.79
8256	1.91
8257	0.29
8258	1.87
8259	3.61
8260	2.47
8261	1.74
8262	1.11
8263	1.62
8264	1.33
8265	0.0
8266	1.8
8267	2.09
8268	1.31
8269	1.67
8270	0.45
8271	3.63
8272	0.97
8273	0.22
8274	2.79
8275	3.5
8276	1.0
8277	1.64
8278	2.02
8279	1.06
8280	2.26
8281	0.61
8282	0.25
8283	1.96
8284	1.75
8285	2.44
8286	0.59
8287	1.5
8288	0.24
8289	1.95
8290	3.22
8291	1.42
8292	1.96
8293	1.54
8294	3.03
8295	1.05
8296	1.09
8297	1.49
