0	0.75
1	0.05
2	0.26
3	0.14
4	0.12
5	0.12
6	0.93
7	0.85
8	0.41
9	0.75
10	0.63
11	0.54
12	0.59
13	0.49
14	1.08
15	0.48
16	0.68
17	0.16
18	0.39
19	0.23
20	0.38
21	0.49
22	0.13
23	0.51
24	1.05
25	0.34
26	0.83
27	0.29
28	0.49
29	0.48
30	0.53
31	0.66
32	0.99
33	0.58
34	0.29
35	0.69
36	0.87
37	0.96
38	0.35
39	0.31
40	0.35
41	0.5
42	0.52
43	0.56
44	0.46
45	0.38
46	0.41
47	0.9
48	0.8
49	0.53
50	0.6
51	0.73
52	0.62
53	0.27
54	0.7
55	0.35
56	0.33
57	0.59
58	0.9
59	0.73
60	0.46
61	0.62
62	0.65
63	0.02
64	0.52
65	1.32
66	0.3
67	0.07
68	0.22
69	0.32
70	0.33
71	0.58
72	0.76
73	0.82
74	0.6
75	0.53
76	0.73
77	1.14
78	0.24
79	0.52
80	0.8
81	0.26
82	0.84
83	0.37
84	0.4
85	0.48
86	1.13
87	0.3
88	0.52
89	0.73
90	0.28
91	0.54
92	0.3
93	0.47
94	0.43
95	0.42
96	0.63
97	1.23
98	0.2
99	0.43
100	0.22
101	0.44
102	0.56
103	0.33
104	0.45
105	0.35
106	0.93
107	0.48
108	0.67
109	0.1
110	0.13
111	0.62
112	0.24
113	0.63
114	0.17
115	0.37
116	0.34
117	0.59
118	0.21
119	0.74
120	0.65
121	0.69
122	0.16
123	0.58
124	0.78
125	0.67
126	0.53
127	0.37
128	0.69
129	0.32
130	0.6
131	0.27
132	0.76
133	0.18
134	0.38
135	0.38
136	0.72
137	0.68
138	0.33
139	0.27
140	0.47
141	0.02
142	0.49
143	1.1
144	0.27
145	0.4
146	0.75
147	0.2
148	0.47
149	0.72
150	0.25
151	0.53
152	0.6
153	0.76
154	0.74
155	0.2
156	0.59
157	0.35
158	0.74
159	0.32
160	0.1
161	0.75
162	0.52
163	0.42
164	0.66
165	0.42
166	0.07
167	0.5
168	0.45
169	0.68
170	1.24
171	0.68
172	0.47
173	0.69
174	0.59
175	1.04
176	0.77
177	0.57
178	0.38
179	0.86
180	0.81
181	0.89
182	0.91
183	0.48
184	0.51
185	0.66
186	0.98
187	0.49
188	0.39
189	0.02
190	0.42
191	0.71
192	0.48
193	0.11
194	0.43
195	1.02
196	0.18
197	0.73
198	0.21
199	0.29
200	0.3
201	0.7
202	1.05
203	0.97
204	0.94
205	0.4
206	0.68
207	0.05
208	0.59
209	0.4
210	0.74
211	0.3
212	0.28
213	0.52
214	0.61
215	0.43
216	0.7
217	1.08
218	0.67
219	0.39
220	0.8
221	0.39
222	0.28
223	1.04
224	0.12
225	0.6
226	0.46
227	0.38
228	0.56
229	0.18
230	0.6
231	0.39
232	0.87
233	0.57
234	0.61
235	0.62
236	0.71
237	0.58
238	0.29
239	0.62
240	0.52
241	0.59
242	0.72
243	0.78
244	0.93
245	0.64
246	0.76
247	0.48
248	0.5
249	0.84
250	0.43
251	0.47
252	0.77
253	0.46
254	0.56
255	0.49
256	0.62
257	0.32
258	0.81
259	0.46
260	0.77
261	0.26
262	0.71
263	0.31
264	0.73
265	0.78
266	0.82
267	0.77
268	0.03
269	0.63
270	0.72
271	0.33
272	0.04
273	0.38
274	0.5
275	0.71
276	0.6
277	0.52
278	0.78
279	0.06
280	0.36
281	0.38
282	0.93
283	1.04
284	0.09
285	0.59
286	1.0
287	0.15
288	0.61
289	0.45
290	0.04
291	0.7
292	0.66
293	0.3
294	0.07
295	0.42
296	0.49
297	0.41
298	1.01
299	0.17
300	0.85
301	0.39
302	0.41
303	0.7
304	0.44
305	1.21
306	0.55
307	0.97
308	0.71
309	0.42
310	0.48
311	0.17
312	0.09
313	0.69
314	0.55
315	0.52
316	0.6
317	0.57
318	0.69
319	0.18
320	0.47
321	0.54
322	0.28
323	0.46
324	0.86
325	0.69
326	0.66
327	0.66
328	0.58
329	0.7
330	0.63
331	0.26
332	0.38
333	0.6
334	0.53
335	0.44
336	0.84
337	0.21
338	0.62
339	0.66
340	0.89
341	0.77
342	0.25
343	0.32
344	0.36
345	0.7
346	0.68
347	0.11
348	0.56
349	0.36
350	0.47
351	0.61
352	0.22
353	0.5
354	0.34
355	0.36
356	0.66
357	0.68
358	0.23
359	0.21
360	0.04
361	0.63
362	0.34
363	0.8
364	1.01
365	0.28
366	0.5
367	0.8
368	0.84
369	0.84
370	1.07
371	0.48
372	0.2
373	0.01
374	0.32
375	0.62
376	0.43
377	0.31
378	0.57
379	0.77
380	1.01
381	0.17
382	0.42
383	0.54
384	0.62
385	1.01
386	0.14
387	0.48
388	0.31
389	0.3
390	0.51
391	0.04
392	0.17
393	0.38
394	0.58
395	0.15
396	0.76
397	0.5
398	0.66
399	0.84
400	0.35
401	1.02
402	0.87
403	0.04
404	0.94
405	0.52
406	1.0
407	0.33
408	0.61
409	0.64
410	0.35
411	0.87
412	0.29
413	0.66
414	0.46
415	0.76
416	0.12
417	0.49
418	0.57
419	0.81
420	0.17
421	0.77
422	0.88
423	0.25
424	0.42
425	0.44
426	0.46
427	0.23
428	0.59
429	1.02
430	0.08
431	0.94
432	0.54
433	0.82
434	0.3
435	0.51
436	0.1
437	0.64
438	0.39
439	0.33
440	0.67
441	0.45
442	0.27
443	0.34
444	0.91
445	0.6
446	0.46
447	0.67
448	0.64
449	0.15
450	0.31
451	0.4
452	0.5
453	0.13
454	0.22
455	0.27
456	0.59
457	0.58
458	0.24
459	0.2
460	0.53
461	1.01
462	0.53
463	0.35
464	0.69
465	0.56
466	0.3
467	0.66
468	0.03
469	0.56
470	0.44
471	1.05
472	0.51
473	0.59
474	0.07
475	0.5
476	0.0
477	0.7
478	0.47
479	0.84
480	0.73
481	0.67
482	0.47
483	0.03
484	0.98
485	0.24
486	0.42
487	0.25
488	0.55
489	0.55
490	0.18
491	0.83
492	1.15
493	0.77
494	0.71
495	0.41
496	0.39
497	0.2
498	0.25
499	0.5
500	0.53
501	0.74
502	0.6
503	0.93
504	0.33
505	0.53
506	0.24
507	0.89
508	0.38
509	0.51
510	0.74
511	0.46
512	0.47
513	0.59
514	0.86
515	0.47
516	0.38
517	0.1
518	0.58
519	0.96
520	0.33
521	0.48
522	0.6
523	0.42
524	0.32
525	0.85
526	0.36
527	0.08
528	0.23
529	0.34
530	0.53
531	0.3
532	0.69
533	0.32
534	0.53
535	0.68
536	0.15
537	0.71
538	0.66
539	1.02
540	0.78
541	0.19
542	0.24
543	0.66
544	0.57
545	0.36
546	0.41
547	0.04
548	1.03
549	0.6
550	0.61
551	0.83
552	0.2
553	0.79
554	0.72
555	0.29
556	0.79
557	0.2
558	0.67
559	0.3
560	0.01
561	0.93
562	0.8
563	0.36
564	0.1
565	0.33
566	0.81
567	0.13
568	0.74
569	0.89
570	0.63
571	1.09
572	0.49
573	0.86
574	0.52
575	0.07
576	0.28
577	0.37
578	0.53
579	0.15
580	0.49
581	0.47
582	0.81
583	0.03
584	0.64
585	0.65
586	0.77
587	0.23
588	0.16
589	0.7
590	0.14
591	0.48
592	0.16
593	0.27
594	0.72
595	0.41
596	0.26
597	0.52
598	0.73
599	0.58
600	0.55
601	0.33
602	0.51
603	0.86
604	0.18
605	0.44
606	0.31
607	0.25
608	0.4
609	0.44
610	0.48
611	0.87
612	0.95
613	0.32
614	0.54
615	0.55
616	0.89
617	0.3
618	0.55
619	1.13
620	0.11
621	0.35
622	0.61
623	0.28
624	0.52
625	0.21
626	0.37
627	0.79
628	0.89
629	0.45
630	0.47
631	0.27
632	0.39
633	0.3
634	0.56
635	1.02
636	0.39
637	0.04
638	0.48
639	0.49
640	0.41
641	0.42
642	0.36
643	0.85
644	0.34
645	0.36
646	0.79
647	0.62
648	0.36
649	0.89
650	0.83
651	0.41
652	0.52
653	0.82
654	0.28
655	0.32
656	0.75
657	0.84
658	0.19
659	0.04
660	0.85
661	0.55
662	0.94
663	0.56
664	0.43
665	0.28
666	0.58
667	0.43
668	0.58
669	0.16
670	0.12
671	0.5
672	0.62
673	0.7
674	0.35
675	0.6
676	0.87
677	1.03
678	0.49
679	0.61
680	0.09
681	0.98
682	0.67
683	0.23
684	0.33
685	0.28
686	0.12
687	0.3
688	0.12
689	0.37
690	0.86
691	0.4
692	0.18
693	0.98
694	0.26
695	0.67
696	0.3
697	0.91
698	0.46
699	0.49
700	0.15
701	0.38
702	0.27
703	0.1
704	0.99
705	0.66
706	1.15
707	0.53
708	0.04
709	0.43
710	0.68
711	0.14
712	0.26
713	0.5
714	0.32
715	0.08
716	0.19
717	0.62
718	0.56
719	0.87
720	0.53
721	0.28
722	0.47
723	0.31
724	0.2
725	0.53
726	0.59
727	0.61
728	0.59
729	0.76
730	0.51
731	0.04
732	0.51
733	0.6
734	0.55
735	0.38
736	0.32
737	0.64
738	0.25
739	0.75
740	0.55
741	0.66
742	0.06
743	0.34
744	0.61
745	0.37
746	0.43
747	0.69
748	0.31
749	0.1
750	0.87
751	0.36
752	0.24
753	0.44
754	0.95
755	0.63
756	0.5
757	1.06
758	0.52
759	0.65
760	0.33
761	0.68
762	0.76
763	0.63
764	0.84
765	0.7
766	0.45
767	0.76
768	0.32
769	0.49
770	0.52
771	0.67
772	0.74
773	0.39
774	0.64
775	0.79
776	0.24
777	0.58
778	0.13
779	0.49
780	0.65
781	1.14
782	0.47
783	0.34
784	0.28
785	0.62
786	0.29
787	0.34
788	0.85
789	0.61
790	0.77
791	0.1
792	1.03
793	0.6
794	0.61
795	0.1
796	0.68
797	0.54
798	0.63
799	0.61
800	0.14
801	0.25
802	0.23
803	0.27
804	0.48
805	0.37
806	0.15
807	0.61
808	0.3
809	0.24
810	0.68
811	0.59
812	0.52
813	0.73
814	0.54
815	0.08
816	0.67
817	0.06
818	0.74
819	0.68
820	0.78
821	0.25
822	0.11
823	0.48
824	0.11
825	0.94
826	0.77
827	0.62
828	0.49
829	0.55
830	0.81
831	0.22
832	0.61
833	0.52
834	0.24
835	0.47
836	0.64
837	0.13
838	1.03
839	0.42
840	0.34
841	0.81
842	0.41
843	0.36
844	0.33
845	0.39
846	0.57
847	0.35
848	0.81
849	1.12
850	0.7
851	0.67
852	0.19
853	0.42
854	0.53
855	0.51
856	0.28
857	0.88
858	0.68
859	0.55
860	0.17
861	0.77
862	0.5
863	0.16
864	0.33
865	0.43
866	0.75
867	0.43
868	0.33
869	0.54
870	0.64
871	0.47
872	0.46
873	0.91
874	0.21
875	0.63
876	0.53
877	0.84
878	0.35
879	0.96
880	0.44
881	0.25
882	1.06
883	1.28
884	0.31
885	0.4
886	0.5
887	0.46
888	0.38
889	1.02
890	0.37
891	0.25
892	0.18
893	0.59
894	0.7
895	0.31
896	0.26
897	0.66
898	0.98
899	0.44
900	0.59
901	0.55
902	0.84
903	0.38
904	0.27
905	0.16
906	0.93
907	0.34
908	0.15
909	0.48
910	0.84
911	0.76
912	0.04
913	0.4
914	0.47
915	0.16
916	0.67
917	0.69
918	0.32
919	0.16
920	0.8
921	0.29
922	0.57
923	0.44
924	0.07
925	0.06
926	0.52
927	0.83
928	0.37
929	0.53
930	0.41
931	0.96
932	0.87
933	0.3
934	0.76
935	0.24
936	0.7
937	0.43
938	0.75
939	0.43
940	0.71
941	0.17
942	0.5
943	0.78
944	0.11
945	0.71
946	0.46
947	0.91
948	0.83
949	0.58
950	0.56
951	0.97
952	0.43
953	0.48
954	0.76
955	0.47
956	0.34
957	0.2
958	0.73
959	0.52
960	0.07
961	0.36
962	0.32
963	0.51
964	0.85
965	0.88
966	0.3
967	0.3
968	0.95
969	0.26
970	0.29
971	0.25
972	0.78
973	0.41
974	0.65
975	0.17
976	0.84
977	0.52
978	0.3
979	0.74
980	0.06
981	0.43
982	0.38
983	0.05
984	0.7
985	0.22
986	0.49
987	0.23
988	0.39
989	0.37
990	0.48
991	1.16
992	0.39
993	0.36
994	0.39
995	0.52
996	0.6
997	0.74
998	0.38
999	1.14
1000	0.42
1001	0.56
1002	0.48
1003	0.5
1004	0.34
1005	0.28
1006	0.57
1007	0.09
1008	0.5
1009	0.55
1010	0.53
1011	0.56
1012	1.01
1013	0.75
1014	0.61
1015	0.38
1016	0.34
1017	0.57
1018	0.67
1019	1.0
1020	0.6
1021	0.58
1022	0.88
1023	0.6
1024	0.77
1025	0.62
1026	0.65
1027	0.45
1028	0.67
1029	0.63
1030	0.35
1031	0.83
1032	0.43
1033	0.13
1034	0.77
1035	0.82
1036	0.56
1037	0.38
1038	0.45
1039	0.74
1040	0.07
1041	0.86
1042	0.76
1043	0.72
1044	0.65
1045	0.56
1046	0.4
1047	0.52
1048	0.16
1049	0.62
1050	0.55
1051	0.82
1052	0.86
1053	0.19
1054	0.68
1055	0.39
1056	0.94
1057	0.6
1058	0.5
1059	0.49
1060	0.21
1061	0.47
1062	0.89
1063	0.5
1064	0.08
1065	0.8
1066	1.09
1067	0.42
1068	0.4
1069	0.73
1070	0.41
1071	0.3
1072	0.51
1073	0.08
1074	0.23
1075	0.5
1076	0.31
1077	0.36
1078	0.11
1079	0.6
1080	1.0
1081	0.44
1082	0.79
1083	0.58
1084	0.78
1085	0.75
1086	0.85
1087	1.1
1088	0.84
1089	0.38
1090	0.16
1091	0.49
1092	0.69
1093	0.77
1094	0.42
1095	0.49
1096	0.86
1097	0.79
1098	0.36
1099	0.4
1100	0.27
1101	0.31
1102	0.51
1103	0.79
1104	0.5
1105	0.44
1106	0.3
1107	0.82
1108	1.03
1109	0.69
1110	0.35
1111	0.25
1112	0.49
1113	0.4
1114	0.64
1115	0.3
1116	0.54
1117	0.09
1118	0.47
1119	0.58
1120	0.2
1121	1.03
1122	0.09
1123	0.54
1124	0.6
1125	0.24
1126	0.84
1127	0.31
1128	0.41
1129	0.65
1130	0.85
1131	0.15
1132	0.87
1133	0.4
1134	0.71
1135	0.53
1136	0.5
1137	0.78
1138	0.34
1139	0.77
1140	0.36
1141	0.09
1142	0.37
1143	0.32
1144	0.16
1145	0.32
1146	0.23
1147	0.28
1148	0.48
1149	1.07
1150	0.7
1151	0.5
1152	0.47
1153	0.64
1154	0.14
1155	0.4
1156	0.48
1157	0.05
1158	0.68
1159	0.39
1160	0.45
1161	0.69
1162	0.48
1163	0.56
1164	0.18
1165	0.22
1166	0.16
1167	0.61
1168	0.61
1169	0.57
1170	0.12
1171	0.77
1172	0.2
1173	0.56
1174	0.13
1175	0.4
1176	0.31
1177	0.81
1178	0.7
1179	0.63
1180	0.66
1181	0.33
1182	0.15
1183	0.73
1184	0.46
1185	0.33
1186	0.52
1187	0.22
1188	0.59
1189	0.53
1190	0.47
1191	0.11
1192	0.23
1193	0.42
1194	0.45
1195	0.63
1196	0.2
1197	0.76
1198	0.67
1199	0.58
1200	0.48
1201	0.86
1202	0.65
1203	0.14
1204	0.2
1205	1.14
1206	0.08
1207	0.38
1208	0.51
1209	0.78
1210	0.55
1211	0.44
1212	0.65
1213	0.58
1214	0.44
1215	0.14
1216	0.78
1217	0.6
1218	0.44
1219	0.41
1220	1.01
1221	0.07
1222	0.13
1223	0.61
1224	1.09
1225	0.8
1226	0.68
1227	0.3
1228	0.48
1229	0.56
1230	0.29
1231	0.37
1232	0.2
1233	0.14
1234	0.36
1235	0.5
1236	0.31
1237	1.17
1238	0.42
1239	0.26
1240	0.92
1241	0.26
1242	0.66
1243	0.37
1244	0.51
1245	0.34
1246	0.46
1247	0.29
1248	0.09
1249	0.49
1250	0.15
1251	0.63
1252	0.43
1253	0.33
1254	0.53
1255	0.1
1256	0.21
1257	0.68
1258	0.55
1259	0.66
1260	0.41
1261	1.28
1262	0.56
1263	0.33
1264	0.71
1265	0.44
1266	0.69
1267	0.65
1268	0.41
1269	0.35
1270	0.39
1271	0.2
1272	0.66
1273	0.6
1274	0.33
1275	0.76
1276	0.3
1277	0.68
1278	0.56
1279	0.24
1280	0.4
1281	0.95
1282	0.52
1283	0.5
1284	0.33
1285	0.7
1286	0.59
1287	0.21
1288	0.12
1289	0.65
1290	0.6
1291	0.42
1292	0.48
1293	0.39
1294	0.66
1295	0.86
1296	0.94
1297	0.9
1298	0.76
1299	0.08
1300	0.44
1301	0.55
1302	0.57
1303	0.8
1304	0.67
1305	0.53
1306	0.26
1307	0.14
1308	0.56
1309	0.65
1310	0.87
1311	0.05
1312	0.34
1313	0.55
1314	0.77
1315	0.05
1316	0.33
1317	0.54
1318	1.09
1319	0.65
1320	0.52
1321	0.58
1322	0.23
1323	0.17
1324	0.36
1325	0.4
1326	0.97
1327	0.35
1328	0.66
1329	0.9
1330	0.72
1331	0.33
1332	0.57
1333	0.47
1334	0.42
1335	0.68
1336	0.57
1337	0.7
1338	0.24
1339	0.72
1340	0.67
1341	0.19
1342	0.8
1343	0.33
1344	0.59
1345	0.44
1346	0.64
1347	0.73
1348	0.48
1349	0.18
1350	0.28
1351	0.7
1352	0.23
1353	0.46
1354	0.02
1355	0.66
1356	0.48
1357	0.63
1358	0.12
1359	0.74
1360	0.99
1361	0.47
1362	0.8
1363	0.26
1364	0.78
1365	0.55
1366	0.92
1367	0.41
1368	0.9
1369	0.32
1370	0.09
1371	0.36
1372	0.23
1373	0.07
1374	0.89
1375	0.39
1376	0.44
1377	0.61
1378	0.63
1379	0.67
1380	0.63
1381	0.68
1382	0.85
1383	1.01
1384	0.5
1385	0.41
1386	0.74
1387	0.2
1388	0.68
1389	0.37
1390	0.79
1391	0.32
1392	0.52
1393	0.78
1394	0.36
1395	0.75
1396	0.5
1397	0.98
1398	0.66
1399	0.72
1400	0.49
1401	0.7
1402	0.59
1403	0.64
1404	0.47
1405	0.16
1406	0.18
1407	1.09
1408	0.39
1409	0.52
1410	0.42
1411	0.33
1412	0.49
1413	0.26
1414	0.52
1415	0.65
1416	0.25
1417	0.69
1418	0.72
1419	0.41
1420	0.33
1421	0.69
1422	0.81
1423	0.31
1424	0.43
1425	0.41
1426	0.23
1427	0.41
1428	0.77
1429	0.67
1430	0.7
1431	0.49
1432	0.42
1433	0.44
1434	0.62
1435	0.34
1436	0.31
1437	0.44
1438	0.91
1439	0.42
1440	0.65
1441	0.61
1442	0.29
1443	0.29
1444	0.34
1445	0.07
1446	0.61
1447	0.37
1448	0.87
1449	0.68
1450	0.45
1451	0.21
1452	0.34
1453	0.61
1454	0.48
1455	0.27
1456	0.75
1457	0.23
1458	0.84
1459	0.48
1460	0.69
1461	0.9
1462	0.27
1463	0.66
1464	0.12
1465	0.51
1466	1.05
1467	0.58
1468	0.68
1469	0.58
1470	0.13
1471	0.15
1472	0.7
1473	0.92
1474	0.76
1475	0.43
1476	0.54
1477	0.64
1478	0.71
1479	0.77
1480	0.58
1481	0.23
1482	0.12
1483	0.8
1484	0.84
1485	0.32
1486	0.54
1487	0.6
1488	0.58
1489	0.29
1490	0.15
1491	0.39
1492	0.18
1493	1.0
1494	0.39
1495	0.34
1496	0.54
1497	0.18
1498	0.13
1499	0.52
1500	1.01
1501	0.86
1502	0.17
1503	0.33
1504	0.16
1505	0.63
1506	0.42
1507	0.78
1508	0.25
1509	0.57
1510	0.65
1511	0.25
1512	0.15
1513	0.38
1514	0.51
1515	0.31
1516	0.37
1517	0.62
1518	0.37
1519	0.72
1520	0.05
1521	0.57
1522	0.29
1523	0.47
1524	0.76
1525	0.24
1526	0.55
1527	0.92
1528	0.35
1529	0.99
1530	0.3
1531	0.53
1532	0.64
1533	0.46
1534	0.7
1535	0.28
1536	0.73
1537	0.37
1538	0.29
1539	0.39
1540	0.54
1541	0.39
1542	1.5
1543	0.56
1544	0.37
1545	0.52
1546	0.89
1547	0.51
1548	0.17
1549	0.7
1550	0.31
1551	0.49
1552	0.12
1553	0.48
1554	0.27
1555	0.69
1556	0.27
1557	0.62
1558	0.32
1559	0.64
1560	0.45
1561	0.5
1562	0.4
1563	0.97
1564	0.28
1565	0.41
1566	0.39
1567	0.61
1568	0.27
1569	0.84
1570	0.34
1571	0.86
1572	0.93
1573	0.31
1574	0.88
1575	1.07
1576	0.69
1577	0.7
1578	0.38
1579	0.39
1580	0.0
1581	0.75
1582	0.58
1583	0.83
1584	0.76
1585	0.24
1586	0.56
1587	0.63
1588	0.66
1589	0.27
1590	0.3
1591	1.05
1592	0.34
1593	0.23
1594	0.35
1595	0.38
1596	0.26
1597	0.63
1598	0.83
1599	0.46
1600	0.63
1601	1.29
1602	0.59
1603	0.55
1604	0.26
1605	0.5
1606	0.09
1607	0.2
1608	0.73
1609	0.73
1610	0.75
1611	0.48
1612	0.82
1613	0.15
1614	0.31
1615	0.47
1616	0.57
1617	0.55
1618	0.32
1619	0.06
1620	0.96
1621	0.4
1622	0.52
1623	0.56
1624	0.69
1625	0.37
1626	0.25
1627	0.77
1628	0.8
1629	0.86
1630	0.37
1631	0.55
1632	0.82
1633	0.72
1634	0.42
1635	0.69
1636	0.22
1637	0.87
1638	0.27
1639	0.28
1640	0.48
1641	0.18
1642	0.78
1643	0.34
1644	0.94
1645	0.45
1646	0.22
1647	0.46
1648	0.53
1649	0.52
1650	0.55
1651	0.5
1652	0.23
1653	0.59
1654	0.28
1655	0.41
1656	0.98
1657	0.41
1658	0.77
1659	0.71
1660	0.14
1661	0.16
1662	0.45
1663	0.65
1664	0.39
1665	0.56
1666	0.51
1667	0.46
1668	1.85
1669	0.32
1670	0.47
1671	0.37
1672	0.57
1673	0.72
1674	0.56
1675	0.68
1676	0.43
1677	0.48
1678	1.11
1679	0.96
1680	0.04
1681	0.62
1682	0.71
1683	0.3
1684	0.64
1685	1.25
1686	0.55
1687	0.57
1688	0.26
1689	0.68
1690	0.58
1691	0.76
1692	0.55
1693	0.08
1694	0.05
1695	0.84
1696	0.1
1697	0.42
1698	0.39
1699	0.37
1700	0.76
1701	0.51
1702	0.08
1703	0.27
1704	0.38
1705	0.61
1706	0.39
1707	0.25
1708	0.85
1709	0.63
1710	0.28
1711	0.49
1712	0.07
1713	0.84
1714	0.49
1715	0.38
1716	0.57
1717	0.54
1718	0.77
1719	0.48
1720	0.4
1721	0.76
1722	0.6
1723	0.54
1724	0.62
1725	0.87
1726	0.67
1727	0.67
1728	0.42
1729	0.12
1730	0.61
1731	0.46
1732	0.68
1733	0.39
1734	0.26
1735	0.12
1736	0.34
1737	0.21
1738	0.25
1739	0.42
1740	0.13
1741	0.19
1742	0.96
1743	0.72
1744	0.9
1745	0.24
1746	0.17
1747	0.5
1748	0.98
1749	0.72
1750	0.53
1751	0.53
1752	0.34
1753	0.73
1754	0.67
1755	0.26
1756	0.17
1757	0.37
1758	0.38
1759	0.51
1760	0.47
1761	0.91
1762	0.83
1763	0.17
1764	0.48
1765	0.26
1766	0.85
1767	0.37
1768	0.16
1769	0.1
1770	0.97
1771	0.69
1772	0.33
1773	0.88
1774	0.47
1775	0.7
1776	0.71
1777	0.62
1778	0.51
1779	0.66
1780	0.52
1781	0.49
1782	0.53
1783	0.3
1784	0.0
1785	0.17
1786	0.68
1787	0.19
1788	0.34
1789	0.4
1790	0.75
1791	0.45
1792	0.5
1793	0.67
1794	0.61
1795	0.64
1796	0.37
1797	0.28
1798	0.53
1799	0.08
1800	0.6
1801	0.55
1802	0.76
1803	0.04
1804	0.74
1805	0.42
1806	0.28
1807	0.38
1808	0.26
1809	0.57
1810	0.7
1811	0.51
1812	0.68
1813	0.58
1814	0.39
1815	0.69
1816	0.94
1817	0.61
1818	0.93
1819	0.62
1820	0.35
1821	0.67
1822	0.59
1823	0.28
1824	0.44
1825	0.35
1826	0.18
1827	0.83
1828	0.4
1829	0.53
1830	0.17
1831	0.57
1832	0.33
1833	0.56
1834	0.54
1835	0.48
1836	0.32
1837	0.73
1838	1.16
1839	0.3
1840	0.66
1841	0.33
1842	0.15
1843	1.14
1844	0.25
1845	0.74
1846	0.33
1847	0.39
1848	0.6
1849	0.91
1850	0.49
1851	0.57
1852	0.57
1853	0.24
1854	0.44
1855	0.23
1856	0.24
1857	0.47
1858	0.38
1859	1.0
1860	0.88
1861	0.92
1862	0.47
1863	0.51
1864	0.46
1865	0.54
1866	0.8
1867	0.34
1868	0.22
1869	0.5
1870	0.56
1871	0.65
1872	0.12
1873	0.8
1874	0.63
1875	0.31
1876	0.41
1877	0.22
1878	0.43
1879	0.72
1880	0.22
1881	0.28
1882	1.13
1883	0.24
1884	0.32
1885	0.86
1886	0.69
1887	0.5
1888	0.91
1889	0.38
1890	0.83
1891	0.89
1892	0.74
1893	0.87
1894	0.69
1895	0.65
1896	0.17
1897	0.21
1898	0.49
1899	0.79
1900	1.24
1901	1.23
1902	0.49
1903	0.53
1904	0.31
1905	0.56
1906	0.5
1907	0.38
1908	0.34
1909	0.51
1910	0.47
1911	0.45
1912	0.54
1913	0.66
1914	0.13
1915	0.67
1916	0.93
1917	0.79
1918	0.52
1919	0.69
1920	0.43
1921	0.39
1922	0.38
1923	0.46
1924	0.46
1925	0.5
1926	0.25
1927	0.1
1928	0.38
1929	0.49
1930	0.45
1931	0.88
1932	0.49
1933	0.2
1934	0.6
1935	1.07
1936	0.43
1937	0.61
1938	0.71
1939	0.14
1940	0.19
1941	0.2
1942	0.91
1943	0.94
1944	0.83
1945	0.21
1946	0.82
1947	0.29
1948	0.1
1949	0.56
1950	0.97
1951	0.91
1952	0.84
1953	0.63
1954	0.28
1955	0.79
1956	0.66
1957	0.59
1958	0.72
1959	0.41
1960	0.56
1961	0.34
1962	0.62
1963	0.45
1964	0.5
1965	0.19
1966	0.55
1967	1.08
1968	0.23
1969	0.44
1970	0.58
1971	0.78
1972	0.64
1973	0.54
1974	0.65
1975	0.3
1976	0.49
1977	0.9
1978	0.49
1979	0.26
1980	0.29
1981	0.76
1982	0.35
1983	0.26
1984	0.74
1985	0.21
1986	0.34
1987	0.68
1988	1.04
1989	0.83
1990	0.5
1991	0.2
1992	0.7
1993	0.65
1994	0.29
1995	0.59
1996	0.98
1997	0.57
1998	0.51
1999	0.46
2000	0.43
2001	0.75
2002	0.61
2003	0.28
2004	0.35
2005	0.28
2006	0.37
2007	0.35
2008	0.22
2009	0.13
2010	0.52
2011	0.35
2012	0.52
2013	0.24
2014	1.03
2015	0.75
2016	0.68
2017	0.33
2018	0.56
2019	0.44
2020	0.53
2021	1.03
2022	1.0
2023	0.74
2024	0.56
2025	0.09
2026	0.48
2027	0.16
2028	0.85
2029	0.61
2030	0.3
2031	0.65
2032	0.46
2033	0.28
2034	0.54
2035	0.28
2036	0.67
2037	0.52
2038	0.25
2039	0.64
2040	0.43
2041	0.12
2042	0.74
2043	0.49
2044	0.36
2045	0.23
2046	0.1
2047	0.72
2048	0.98
2049	0.14
2050	0.61
2051	0.56
2052	0.36
2053	0.11
2054	0.49
2055	0.53
2056	0.86
2057	0.55
2058	0.21
2059	0.47
2060	0.06
2061	0.55
2062	0.16
2063	0.89
2064	0.01
2065	0.19
2066	0.67
2067	0.85
2068	0.2
2069	1.01
2070	0.47
2071	0.18
2072	0.59
2073	0.57
2074	0.32
2075	0.31
2076	0.65
2077	0.54
2078	0.77
2079	0.3
2080	0.82
2081	0.36
2082	0.59
2083	0.4
2084	0.6
2085	0.82
2086	0.47
2087	0.28
2088	0.4
2089	0.39
2090	0.47
2091	0.5
2092	0.47
2093	0.16
2094	0.64
2095	0.33
2096	0.8
2097	0.92
2098	0.76
2099	1.04
2100	0.8
2101	0.39
2102	0.15
2103	0.47
2104	0.65
2105	0.47
2106	0.38
2107	0.74
2108	0.25
2109	0.35
2110	0.57
2111	0.72
2112	0.3
2113	0.3
2114	0.43
2115	1.04
2116	0.47
2117	0.19
2118	0.14
2119	0.7
2120	0.26
2121	0.67
2122	0.29
2123	0.84
2124	0.6
2125	0.65
2126	0.44
2127	0.48
2128	0.32
2129	0.56
2130	0.24
2131	0.54
2132	0.59
2133	0.42
2134	0.73
2135	0.25
2136	0.1
2137	0.39
2138	0.26
2139	0.24
2140	0.49
2141	0.66
2142	0.61
2143	0.78
2144	0.28
2145	0.48
2146	1.15
2147	0.49
2148	0.33
2149	0.75
2150	0.42
2151	0.19
2152	0.37
2153	0.7
2154	1.14
2155	0.65
2156	0.89
2157	0.14
2158	0.38
2159	0.87
2160	0.28
2161	0.59
2162	0.27
2163	0.25
2164	0.67
2165	0.64
2166	0.89
2167	0.41
2168	0.42
2169	0.8
2170	0.37
2171	0.36
2172	0.33
2173	0.32
2174	0.45
2175	0.35
2176	0.75
2177	0.57
2178	1.05
2179	0.48
2180	0.54
2181	0.46
2182	0.84
2183	0.49
2184	0.66
2185	0.64
2186	0.63
2187	0.83
2188	0.38
2189	0.65
2190	0.12
2191	0.21
2192	0.39
2193	0.41
2194	0.84
2195	0.32
2196	0.13
2197	0.45
2198	0.32
2199	0.29
2200	0.5
2201	0.41
2202	0.58
2203	0.48
2204	0.6
2205	0.5
2206	0.54
2207	0.41
2208	0.17
2209	0.83
2210	0.67
2211	1.13
2212	0.55
2213	0.41
2214	0.9
2215	0.12
2216	0.73
2217	0.41
2218	0.52
2219	0.49
2220	0.51
2221	0.05
2222	0.49
2223	0.28
2224	0.45
2225	0.51
2226	0.97
2227	0.14
2228	0.51
2229	0.08
2230	0.42
2231	0.48
2232	0.02
2233	0.27
2234	0.38
2235	0.61
2236	0.22
2237	0.5
2238	0.5
2239	0.56
2240	0.57
2241	0.77
2242	0.42
2243	0.55
2244	0.8
2245	0.49
2246	0.71
2247	0.25
2248	0.42
2249	0.47
2250	0.31
2251	0.42
2252	0.42
2253	0.21
2254	0.99
2255	0.76
2256	0.22
2257	0.46
2258	0.86
2259	0.44
2260	0.72
2261	0.36
2262	1.09
2263	0.45
2264	0.35
2265	1.01
2266	0.65
2267	0.73
2268	0.34
2269	0.35
2270	0.46
2271	0.72
2272	0.47
2273	0.46
2274	0.82
2275	0.26
2276	0.8
2277	0.43
2278	0.43
2279	0.57
2280	0.29
2281	0.8
2282	0.36
2283	1.05
2284	0.77
2285	1.19
2286	0.6
2287	0.58
2288	1.34
2289	0.49
2290	0.74
2291	0.71
2292	0.03
2293	0.61
2294	0.43
2295	0.47
2296	0.79
2297	0.31
2298	0.31
2299	0.05
2300	0.21
2301	0.76
2302	0.25
2303	0.9
2304	0.87
2305	0.49
2306	0.67
2307	0.69
2308	0.4
2309	0.46
2310	0.03
2311	0.32
2312	0.66
2313	1.06
2314	0.22
2315	0.64
2316	0.59
2317	0.59
2318	0.56
2319	0.48
2320	0.06
2321	0.7
2322	0.28
2323	0.29
2324	0.79
2325	0.21
2326	0.42
2327	0.48
2328	0.46
2329	0.91
2330	0.65
2331	0.46
2332	0.06
2333	0.43
2334	0.32
2335	0.77
2336	0.68
2337	0.62
2338	0.58
2339	0.68
2340	0.49
2341	0.52
2342	0.36
2343	0.13
2344	0.14
2345	0.92
2346	0.09
2347	0.62
2348	0.56
2349	0.45
2350	0.29
2351	0.65
2352	0.21
2353	0.72
2354	0.43
2355	0.38
2356	0.2
2357	0.2
2358	0.28
2359	1.32
2360	0.29
2361	0.88
2362	0.71
2363	0.33
2364	0.46
2365	0.73
2366	0.75
2367	0.73
2368	0.59
2369	0.43
2370	0.46
2371	0.2
2372	0.32
2373	0.1
2374	0.72
2375	0.35
2376	0.57
2377	0.7
2378	0.19
2379	0.69
2380	0.66
2381	0.15
2382	0.58
2383	0.4
2384	0.64
2385	0.65
2386	0.49
2387	0.66
2388	0.3
2389	0.34
2390	0.6
2391	0.96
2392	0.36
2393	0.44
2394	0.7
2395	0.67
2396	0.65
2397	0.6
2398	0.8
2399	0.61
2400	0.29
2401	0.47
2402	0.32
2403	1.04
2404	0.46
2405	0.59
2406	0.82
2407	0.4
2408	0.12
2409	0.17
2410	0.28
2411	0.81
2412	0.3
2413	0.37
2414	0.71
2415	0.63
2416	0.44
2417	0.6
2418	0.45
2419	0.65
2420	0.85
2421	0.85
2422	0.6
2423	0.21
2424	0.34
2425	0.06
2426	0.58
2427	0.11
2428	0.16
2429	0.9
2430	0.28
2431	0.73
2432	0.63
2433	0.5
2434	0.75
2435	0.23
2436	0.54
2437	0.46
2438	0.63
2439	0.21
2440	0.26
2441	0.2
2442	0.12
2443	0.44
2444	0.57
2445	0.4
2446	0.54
2447	0.44
2448	0.26
2449	0.41
2450	0.88
2451	0.46
2452	0.53
2453	0.36
2454	0.78
2455	1.02
2456	0.8
2457	0.74
2458	0.19
2459	0.71
2460	0.66
2461	0.37
2462	0.74
2463	0.72
2464	0.72
2465	0.09
2466	0.56
2467	0.46
2468	0.78
2469	0.58
2470	0.49
2471	0.5
2472	0.42
2473	0.75
2474	0.57
2475	0.7
2476	0.29
2477	0.38
2478	0.47
2479	0.93
2480	0.89
2481	0.44
2482	0.48
2483	0.76
2484	0.76
2485	0.9
2486	0.79
2487	0.62
2488	0.54
2489	0.71
2490	0.72
2491	0.46
2492	0.19
2493	0.09
2494	1.01
2495	0.2
2496	1.21
2497	0.55
2498	0.3
2499	0.54
2500	0.31
2501	0.55
2502	0.42
2503	0.48
2504	0.57
2505	0.23
2506	0.66
2507	0.53
2508	0.93
2509	0.68
2510	0.19
2511	0.9
2512	1.14
2513	1.07
2514	0.41
2515	0.76
2516	0.29
2517	0.57
2518	0.46
2519	0.3
2520	0.55
2521	0.62
2522	0.86
2523	0.54
2524	0.49
2525	0.72
2526	0.58
2527	0.45
2528	0.62
2529	0.25
2530	0.82
2531	0.26
2532	0.85
2533	0.57
2534	0.54
2535	0.72
2536	0.06
2537	0.08
2538	0.94
2539	0.5
2540	0.76
2541	0.47
2542	1.06
2543	0.59
2544	0.72
2545	0.14
2546	0.35
2547	0.25
2548	1.15
2549	0.84
2550	0.94
2551	0.14
2552	0.87
2553	0.72
2554	0.03
2555	0.46
2556	0.38
2557	0.67
2558	0.19
2559	0.56
2560	0.45
2561	0.45
2562	0.36
2563	0.92
2564	0.14
2565	0.63
2566	0.77
2567	0.27
2568	0.62
2569	0.41
2570	0.58
2571	0.96
2572	0.43
2573	0.62
2574	0.18
2575	0.11
2576	0.73
2577	0.4
2578	0.18
2579	0.38
2580	0.42
2581	0.46
2582	0.64
2583	0.27
2584	0.41
2585	0.42
2586	0.47
2587	0.64
2588	0.69
2589	0.1
2590	0.09
2591	0.33
2592	0.79
2593	0.48
2594	0.83
2595	0.02
2596	0.76
2597	0.54
2598	0.86
2599	0.96
2600	0.34
2601	0.13
2602	0.91
2603	0.51
2604	0.38
2605	0.5
2606	0.18
2607	0.24
2608	0.5
2609	0.59
2610	0.24
2611	0.65
2612	0.63
2613	0.65
2614	0.84
2615	0.36
2616	0.2
2617	0.59
2618	0.57
2619	0.18
2620	1.27
2621	0.61
2622	0.39
2623	0.02
2624	0.37
2625	0.62
2626	1.23
2627	0.65
2628	0.4
2629	0.69
2630	0.16
2631	0.07
2632	0.73
2633	0.42
2634	0.4
2635	0.33
2636	0.86
2637	0.29
2638	0.93
2639	0.09
2640	1.03
2641	0.62
2642	0.5
2643	0.64
2644	0.57
2645	0.76
2646	0.25
2647	1.27
2648	0.84
2649	0.91
2650	0.27
2651	0.94
2652	0.78
2653	0.01
2654	0.35
2655	0.22
2656	0.39
2657	0.5
2658	0.33
2659	0.39
2660	0.68
2661	0.98
2662	0.43
2663	0.64
2664	0.94
2665	0.63
2666	0.3
2667	0.25
2668	0.79
2669	0.85
2670	0.14
2671	0.7
2672	0.18
2673	0.71
2674	0.11
2675	0.36
2676	0.85
2677	0.25
2678	0.46
2679	0.75
2680	0.96
2681	0.14
2682	0.76
2683	0.3
2684	0.52
2685	0.54
2686	0.31
2687	0.58
2688	0.18
2689	0.51
2690	0.42
2691	0.29
2692	0.36
2693	0.3
2694	0.44
2695	0.31
2696	0.5
2697	0.31
2698	1.0
2699	0.64
2700	0.76
2701	0.45
2702	0.78
2703	0.75
2704	0.59
2705	0.77
2706	0.79
2707	0.4
2708	0.19
2709	0.36
2710	0.67
2711	0.36
2712	0.13
2713	0.37
2714	0.75
2715	0.65
2716	0.01
2717	0.91
2718	0.37
2719	0.28
2720	0.73
2721	0.58
2722	0.34
2723	0.37
2724	0.77
2725	0.11
2726	0.29
2727	0.01
2728	0.64
2729	0.36
2730	0.28
2731	0.47
2732	0.8
2733	0.32
2734	0.34
2735	0.3
2736	0.12
2737	0.57
2738	0.7
2739	0.31
2740	0.15
2741	0.38
2742	0.45
2743	0.24
2744	0.58
2745	0.44
2746	0.38
2747	0.26
2748	0.22
2749	0.0
2750	0.8
2751	0.24
2752	0.32
2753	0.07
2754	0.65
2755	0.25
2756	0.73
2757	0.57
2758	0.53
2759	0.26
2760	0.3
2761	0.7
2762	0.75
2763	0.92
2764	0.73
2765	0.33
2766	0.33
2767	0.47
2768	0.7
2769	0.6
2770	0.74
2771	0.65
2772	0.23
2773	0.66
2774	0.66
2775	0.61
2776	0.82
2777	0.58
2778	0.77
2779	0.2
2780	0.75
2781	0.01
2782	0.16
2783	0.14
2784	0.28
2785	0.47
2786	0.62
2787	0.64
2788	0.17
2789	0.7
2790	0.17
2791	0.56
2792	0.78
2793	0.3
2794	0.69
2795	0.77
2796	0.36
2797	0.56
2798	0.85
2799	0.58
2800	0.43
2801	0.28
2802	0.67
2803	0.14
2804	0.66
2805	0.69
2806	0.29
2807	0.96
2808	0.6
2809	0.47
2810	0.86
2811	0.48
2812	0.58
2813	0.52
2814	0.16
2815	0.03
2816	0.23
2817	0.69
2818	0.06
2819	0.67
2820	0.81
2821	0.22
2822	0.12
2823	0.4
2824	0.47
2825	0.76
2826	0.5
2827	0.2
2828	0.53
2829	0.95
2830	0.62
2831	0.69
2832	0.21
2833	0.64
2834	0.73
2835	0.14
2836	0.29
2837	0.66
2838	0.26
2839	0.42
2840	0.85
2841	0.39
2842	0.57
2843	0.38
2844	0.63
2845	0.23
2846	0.02
2847	0.2
2848	0.31
2849	0.45
2850	0.64
2851	0.85
2852	0.45
2853	0.05
2854	0.23
2855	0.16
2856	0.6
2857	0.11
2858	0.3
2859	0.64
2860	0.69
2861	0.23
2862	0.48
2863	0.6
2864	0.6
2865	0.31
2866	0.61
2867	0.34
2868	0.94
2869	0.48
2870	0.69
2871	0.76
2872	0.5
2873	0.26
2874	0.49
2875	0.75
2876	0.73
2877	0.59
2878	0.78
2879	0.55
2880	0.45
2881	0.55
2882	0.39
2883	0.13
2884	0.75
2885	0.74
2886	0.78
2887	0.4
2888	1.1
2889	0.79
2890	0.69
2891	0.49
2892	0.26
2893	0.15
2894	0.37
2895	0.11
2896	0.09
2897	0.61
2898	0.61
2899	0.63
2900	0.63
2901	0.2
2902	0.16
2903	0.44
2904	0.98
2905	0.37
2906	0.03
2907	0.73
2908	0.35
2909	0.39
2910	0.59
2911	1.11
2912	1.26
2913	0.48
2914	0.13
2915	0.35
2916	0.6
2917	0.46
2918	0.37
2919	0.84
2920	0.72
2921	0.78
2922	0.54
2923	0.46
2924	0.38
2925	0.82
2926	0.26
2927	0.98
2928	0.27
2929	0.13
2930	0.35
2931	0.28
2932	0.37
2933	0.52
2934	0.33
2935	0.95
2936	0.46
2937	0.57
2938	0.84
2939	0.39
2940	0.43
2941	0.44
2942	0.14
2943	0.66
2944	0.46
2945	0.78
2946	0.3
2947	0.6
2948	0.81
2949	0.29
2950	0.47
2951	0.36
2952	0.64
2953	0.54
2954	0.65
2955	0.47
2956	0.55
2957	0.63
2958	0.66
2959	0.63
2960	0.33
2961	0.82
2962	0.28
2963	0.17
2964	0.13
2965	0.46
2966	0.58
2967	0.72
2968	0.55
2969	0.47
2970	0.34
2971	0.62
2972	0.64
2973	0.51
2974	0.61
2975	0.48
2976	0.29
2977	1.08
2978	0.25
2979	0.32
2980	0.19
2981	0.4
2982	0.53
2983	0.43
2984	0.77
2985	0.82
2986	0.34
2987	0.38
2988	1.29
2989	1.0
2990	0.14
2991	0.47
2992	0.79
2993	0.58
2994	0.39
2995	0.48
2996	0.5
2997	0.38
2998	0.61
2999	0.5
3000	0.55
3001	0.58
3002	0.53
3003	0.56
3004	0.52
3005	0.66
3006	0.57
3007	0.69
3008	0.32
3009	0.47
3010	0.4
3011	0.77
3012	0.65
3013	0.37
3014	0.79
3015	0.37
3016	0.95
3017	0.65
3018	0.19
3019	0.43
3020	1.23
3021	0.39
3022	0.63
3023	0.48
3024	0.91
3025	0.13
3026	1.04
3027	0.53
3028	0.2
3029	0.39
3030	0.43
3031	0.72
3032	0.18
3033	0.48
3034	0.66
3035	0.85
3036	0.76
3037	0.85
3038	0.59
3039	0.13
3040	1.36
3041	0.65
3042	0.73
3043	0.53
3044	0.5
3045	0.55
3046	0.63
3047	0.5
3048	0.43
3049	1.47
3050	0.37
3051	0.34
3052	0.36
3053	0.44
3054	0.31
3055	0.43
3056	0.6
3057	0.12
3058	0.63
3059	0.33
3060	0.84
3061	0.22
3062	0.51
3063	0.32
3064	0.59
3065	0.31
3066	0.33
3067	0.68
3068	0.44
3069	0.62
3070	0.35
3071	0.65
3072	0.79
3073	0.14
3074	0.33
3075	0.69
3076	0.62
3077	0.58
3078	0.25
3079	0.31
3080	0.4
3081	0.32
3082	0.55
3083	0.65
3084	1.04
3085	0.23
3086	0.56
3087	0.32
3088	0.61
3089	0.96
3090	0.37
3091	0.85
3092	0.66
3093	0.41
3094	0.27
3095	0.41
3096	0.68
3097	0.5
3098	0.96
3099	0.69
3100	0.89
3101	0.66
3102	0.78
3103	0.46
3104	0.43
3105	0.45
3106	0.66
3107	0.32
3108	0.66
3109	0.31
3110	0.4
3111	0.37
3112	0.41
3113	0.62
3114	1.03
3115	0.6
3116	0.64
3117	0.2
3118	0.17
3119	0.49
3120	0.99
3121	0.32
3122	1.0
3123	0.68
3124	0.7
3125	0.56
3126	0.62
3127	0.61
3128	0.25
3129	0.4
3130	0.07
3131	1.08
3132	0.86
3133	0.36
3134	0.68
3135	0.11
3136	0.5
3137	0.19
3138	0.37
3139	0.54
3140	0.38
3141	0.61
3142	0.52
3143	0.11
3144	0.24
3145	0.26
3146	0.76
3147	0.55
3148	0.05
3149	0.61
3150	0.35
3151	0.85
3152	0.55
3153	0.77
3154	0.57
3155	0.23
3156	0.64
3157	0.56
3158	0.89
3159	0.7
3160	0.53
3161	0.44
3162	0.52
3163	0.24
3164	0.68
3165	0.48
3166	0.44
3167	0.21
3168	0.97
3169	0.25
3170	0.13
3171	0.44
3172	0.16
3173	0.11
3174	0.61
3175	0.58
3176	0.57
3177	0.63
3178	0.41
3179	0.1
3180	0.53
3181	0.66
3182	0.43
3183	0.84
3184	0.66
3185	0.61
3186	0.09
3187	0.52
3188	0.63
3189	0.53
3190	0.02
3191	0.22
3192	0.93
3193	0.04
3194	0.52
3195	0.78
3196	0.58
3197	0.4
3198	0.33
3199	0.22
3200	0.86
3201	0.94
3202	0.18
3203	0.4
3204	0.3
3205	0.51
3206	0.79
3207	0.58
3208	0.69
3209	0.76
3210	0.56
3211	0.32
3212	0.85
3213	0.45
3214	0.53
3215	0.32
3216	0.23
3217	0.56
3218	0.74
3219	0.5
3220	0.34
3221	0.51
3222	0.27
3223	0.4
3224	0.87
3225	0.21
3226	0.57
3227	0.46
3228	0.63
3229	0.02
3230	0.7
3231	0.1
3232	0.17
3233	0.18
3234	1.03
3235	0.89
3236	0.44
3237	0.58
3238	0.67
3239	0.84
3240	0.43
3241	0.58
3242	0.68
3243	0.74
3244	0.79
3245	0.48
3246	0.63
3247	0.58
3248	0.51
3249	0.15
3250	0.42
3251	0.37
3252	0.42
3253	0.16
3254	0.38
3255	1.09
3256	0.43
3257	1.06
3258	0.49
3259	0.37
3260	0.03
3261	0.01
3262	0.59
3263	1.06
3264	1.11
3265	0.39
3266	0.62
3267	0.77
3268	0.5
3269	0.53
3270	0.42
3271	0.4
3272	0.96
3273	0.52
3274	0.78
3275	0.4
3276	0.56
3277	0.56
3278	0.89
3279	0.09
3280	0.42
3281	0.58
3282	0.38
3283	0.76
3284	0.26
3285	0.52
3286	0.69
3287	0.89
3288	0.23
3289	0.36
3290	0.16
3291	0.36
3292	0.65
3293	0.75
3294	0.31
3295	0.67
3296	0.06
3297	0.13
3298	0.57
3299	0.44
3300	0.52
3301	0.62
3302	0.65
3303	0.71
3304	0.1
3305	0.92
3306	0.2
3307	0.54
3308	0.2
3309	0.12
3310	0.86
3311	0.28
3312	0.79
3313	0.27
3314	0.6
3315	0.25
3316	0.21
3317	0.84
3318	0.09
3319	0.65
3320	0.5
3321	0.75
3322	0.54
3323	0.43
3324	0.2
3325	0.06
3326	0.62
3327	0.7
3328	0.98
3329	0.3
3330	0.66
3331	0.42
3332	0.15
3333	1.29
3334	0.39
3335	0.64
3336	0.7
3337	0.52
3338	0.52
3339	0.68
3340	0.36
3341	0.61
3342	0.34
3343	0.53
3344	0.15
3345	0.47
3346	0.3
3347	0.51
3348	0.39
3349	0.83
3350	0.46
3351	0.32
3352	0.64
3353	1.02
3354	0.54
3355	0.34
3356	0.49
3357	0.74
3358	0.64
3359	0.45
3360	0.45
3361	0.52
3362	0.5
3363	0.46
3364	0.35
3365	0.55
3366	0.65
3367	0.55
3368	0.36
3369	0.07
3370	0.29
3371	0.51
3372	0.56
3373	0.23
3374	0.61
3375	0.17
3376	0.95
3377	0.09
3378	0.24
3379	0.62
3380	0.23
3381	0.22
3382	0.47
3383	0.55
3384	0.43
3385	0.52
3386	0.7
3387	0.73
3388	0.34
3389	0.74
3390	0.11
3391	0.58
3392	0.39
3393	0.22
3394	0.69
3395	0.81
3396	0.1
3397	0.47
3398	0.58
3399	0.95
3400	0.38
3401	0.21
3402	0.41
3403	0.67
3404	0.89
3405	0.62
3406	0.55
3407	0.63
3408	1.01
3409	0.17
3410	0.66
3411	0.48
3412	0.36
3413	0.06
3414	0.3
3415	0.21
3416	0.8
3417	0.37
3418	0.72
3419	0.97
3420	0.34
3421	0.77
3422	0.37
3423	0.84
3424	0.65
3425	0.49
3426	0.17
3427	0.53
3428	0.63
3429	0.99
3430	0.38
3431	0.14
3432	0.79
3433	1.34
3434	0.37
3435	0.35
3436	0.55
3437	1.41
3438	0.43
3439	0.05
3440	0.63
3441	0.72
3442	0.42
3443	0.51
3444	0.94
3445	0.81
3446	0.45
3447	0.53
3448	0.32
3449	0.38
3450	0.29
3451	0.06
3452	0.09
3453	0.75
3454	0.92
3455	0.59
3456	0.19
3457	0.94
3458	0.42
3459	0.74
3460	0.49
3461	0.26
3462	0.55
3463	0.51
3464	0.67
3465	0.45
3466	0.75
3467	0.25
3468	0.41
3469	0.73
3470	0.64
3471	0.43
3472	0.7
3473	0.12
3474	0.04
3475	0.86
3476	0.45
3477	0.04
3478	0.41
3479	0.51
3480	0.83
3481	0.41
3482	0.48
3483	0.59
3484	0.75
3485	0.63
3486	1.02
3487	0.12
3488	0.75
3489	0.24
3490	0.65
3491	0.76
3492	0.64
3493	0.33
3494	0.7
3495	0.6
3496	0.19
3497	0.58
3498	0.62
3499	0.46
3500	0.59
3501	0.48
3502	0.1
3503	0.56
3504	0.58
3505	0.88
3506	0.38
3507	0.52
3508	1.19
3509	0.74
3510	0.19
3511	0.82
3512	0.31
3513	0.64
3514	0.94
3515	0.17
3516	0.42
3517	0.26
3518	0.18
3519	0.75
3520	0.56
3521	0.53
3522	0.36
3523	0.43
3524	0.38
3525	0.05
3526	0.28
3527	0.26
3528	0.66
3529	0.57
3530	0.18
3531	0.24
3532	0.53
3533	0.66
3534	0.59
3535	0.4
3536	0.23
3537	0.41
3538	0.53
3539	0.35
3540	0.59
3541	0.36
3542	0.49
3543	0.36
3544	0.36
3545	0.58
3546	0.35
3547	0.13
3548	0.67
3549	0.42
3550	0.16
3551	0.09
3552	0.46
3553	0.41
3554	0.59
3555	0.36
3556	0.2
3557	0.29
3558	0.82
3559	0.58
3560	0.73
3561	0.76
3562	0.21
3563	0.39
3564	0.47
3565	0.8
3566	0.38
3567	0.75
3568	0.13
3569	0.74
3570	0.51
3571	0.77
3572	0.63
3573	0.39
3574	0.26
3575	0.71
3576	0.65
3577	0.15
3578	0.23
3579	0.86
3580	0.35
3581	0.86
3582	0.44
3583	0.41
3584	0.53
3585	0.45
3586	0.4
3587	0.25
3588	0.82
3589	0.97
3590	0.43
3591	0.1
3592	0.66
3593	0.13
3594	0.11
3595	0.69
3596	0.19
3597	0.76
3598	0.82
3599	0.77
3600	0.34
3601	0.59
3602	0.35
3603	1.1
3604	0.31
3605	0.63
3606	0.52
3607	0.41
3608	0.47
3609	0.7
3610	0.8
3611	0.59
3612	0.59
3613	0.47
3614	0.26
3615	0.18
3616	0.72
3617	0.53
3618	0.33
3619	0.57
3620	0.35
3621	0.58
3622	0.54
3623	0.33
3624	0.31
3625	0.29
3626	0.24
3627	0.04
3628	0.36
3629	0.41
3630	0.5
3631	0.38
3632	0.14
3633	0.38
3634	0.57
3635	0.89
3636	1.17
3637	0.59
3638	0.94
3639	0.4
3640	0.69
3641	0.65
3642	0.79
3643	0.74
3644	0.16
3645	0.2
3646	0.84
3647	0.5
3648	0.52
3649	0.49
3650	0.33
3651	0.22
3652	0.45
3653	0.61
3654	0.41
3655	0.4
3656	0.27
3657	0.43
3658	0.41
3659	1.0
3660	0.65
3661	0.23
3662	0.13
3663	0.78
3664	0.17
3665	0.5
3666	0.5
3667	0.11
3668	0.57
3669	0.39
3670	0.45
3671	0.5
3672	0.2
3673	0.82
3674	0.52
3675	0.49
3676	0.93
3677	0.4
3678	0.31
3679	0.33
3680	0.49
3681	0.59
3682	0.72
3683	0.56
3684	0.35
3685	0.55
3686	0.1
3687	0.51
3688	0.54
3689	0.96
3690	0.88
3691	0.2
3692	0.54
3693	0.09
3694	0.49
3695	0.2
3696	1.04
3697	0.17
3698	0.33
3699	0.37
3700	0.75
3701	0.71
3702	0.65
3703	0.61
3704	1.12
3705	0.16
3706	0.62
3707	0.6
3708	0.86
3709	0.5
3710	0.38
3711	0.23
3712	0.73
3713	0.85
3714	0.15
3715	0.68
3716	0.57
3717	0.37
3718	0.77
3719	0.41
3720	0.81
3721	0.48
3722	0.56
3723	0.55
3724	0.47
3725	0.59
3726	0.54
3727	0.61
3728	0.74
3729	0.28
3730	0.05
3731	0.42
3732	0.22
3733	0.67
3734	0.72
3735	0.17
3736	0.33
3737	0.24
3738	0.56
3739	0.48
3740	0.17
3741	0.61
3742	0.64
3743	0.54
3744	0.37
3745	0.32
3746	0.12
3747	0.66
3748	0.15
3749	0.51
3750	0.42
3751	0.48
3752	0.93
3753	0.67
3754	0.75
3755	0.51
3756	0.06
3757	0.36
3758	0.6
3759	0.68
3760	0.66
3761	0.5
3762	0.09
3763	0.6
3764	0.75
3765	0.41
3766	0.38
3767	0.68
3768	0.17
3769	0.48
3770	0.3
3771	0.22
3772	0.54
3773	0.55
3774	0.45
3775	0.43
3776	0.57
3777	0.15
3778	0.83
3779	0.39
3780	0.64
3781	0.49
3782	0.25
3783	0.19
3784	0.38
3785	0.58
3786	0.21
3787	0.57
3788	1.15
3789	0.9
3790	0.07
3791	0.22
3792	1.22
3793	0.79
3794	0.59
3795	0.69
3796	0.74
3797	0.23
3798	0.39
3799	0.66
3800	0.52
3801	0.72
3802	0.73
3803	0.48
3804	0.79
3805	0.67
3806	0.27
3807	1.11
3808	0.24
3809	0.38
3810	0.36
3811	0.7
3812	0.47
3813	0.99
3814	0.39
3815	0.34
3816	0.51
3817	0.72
3818	0.79
3819	0.83
3820	0.22
3821	0.57
3822	0.58
3823	0.49
3824	0.89
3825	0.45
3826	0.15
3827	0.6
3828	0.72
3829	0.68
3830	0.59
3831	0.67
3832	0.78
3833	0.43
3834	0.64
3835	0.86
3836	0.97
3837	0.67
3838	1.06
3839	0.02
3840	0.32
3841	0.82
3842	1.05
3843	0.48
3844	0.52
3845	0.66
3846	0.4
3847	0.46
3848	0.77
3849	0.56
3850	0.3
3851	0.54
3852	0.75
3853	0.5
3854	0.11
3855	0.28
3856	0.57
3857	0.32
3858	0.3
3859	0.27
3860	0.26
3861	0.51
3862	0.57
3863	0.33
3864	0.65
3865	0.28
3866	0.53
3867	0.36
3868	0.27
3869	0.78
3870	0.8
3871	0.4
3872	0.08
3873	0.67
3874	0.56
3875	0.83
3876	0.64
3877	0.73
3878	0.49
3879	0.3
3880	0.67
3881	1.24
3882	0.42
3883	0.66
3884	0.71
3885	0.35
3886	0.56
3887	0.59
3888	0.58
3889	0.73
3890	0.79
3891	0.58
3892	0.53
3893	0.48
3894	0.47
3895	0.09
3896	0.71
3897	0.97
3898	0.1
3899	0.15
3900	0.09
3901	0.68
3902	0.49
3903	0.32
3904	0.03
3905	1.03
3906	0.73
3907	0.7
3908	0.69
3909	0.59
3910	0.55
3911	0.64
3912	0.56
3913	0.42
3914	0.53
3915	0.88
3916	0.16
3917	0.54
3918	0.79
3919	0.38
3920	0.23
3921	0.91
3922	0.29
3923	0.39
3924	0.18
3925	0.77
3926	0.5
3927	0.37
3928	0.16
3929	0.79
3930	0.56
3931	0.47
3932	0.04
3933	0.59
3934	0.69
3935	0.43
3936	0.49
3937	0.67
3938	0.43
3939	0.56
3940	0.47
3941	0.72
3942	0.55
3943	0.33
3944	0.26
3945	0.27
3946	0.59
3947	0.87
3948	0.16
3949	0.28
3950	0.46
3951	0.07
3952	0.6
3953	0.71
3954	0.74
3955	0.16
3956	0.54
3957	0.92
3958	0.61
3959	0.56
3960	0.22
3961	0.52
3962	0.8
3963	0.39
3964	0.54
3965	0.42
3966	1.12
3967	0.68
3968	0.56
3969	0.71
3970	0.32
3971	0.74
3972	0.78
3973	0.51
3974	0.39
3975	1.08
3976	0.19
3977	0.6
3978	0.72
3979	0.32
3980	0.22
3981	0.42
3982	0.18
3983	0.47
3984	1.17
3985	0.24
3986	0.81
3987	0.76
3988	0.12
3989	0.83
3990	0.83
3991	0.15
3992	0.75
3993	0.3
3994	0.31
3995	0.3
3996	0.12
3997	0.59
3998	0.06
3999	0.91
4000	0.53
4001	0.36
4002	0.96
4003	0.57
4004	0.34
4005	0.56
4006	0.39
4007	0.64
4008	0.76
4009	0.42
4010	0.46
4011	0.03
4012	0.2
4013	0.56
4014	0.94
4015	0.66
4016	0.56
4017	0.34
4018	0.14
4019	0.15
4020	0.35
4021	0.24
4022	0.02
4023	0.71
4024	0.93
4025	0.63
4026	0.5
4027	0.16
4028	0.41
4029	0.37
4030	0.11
4031	0.65
4032	0.87
4033	0.78
4034	0.57
4035	0.43
4036	0.63
4037	0.71
4038	0.85
4039	1.04
4040	0.4
4041	0.16
4042	0.48
4043	0.22
4044	0.61
4045	1.09
4046	0.16
4047	0.23
4048	0.74
4049	0.73
4050	0.83
4051	0.28
4052	0.77
4053	0.5
4054	0.17
4055	0.82
4056	0.57
4057	0.77
4058	0.55
4059	0.97
4060	0.65
4061	0.53
4062	0.88
4063	0.13
4064	0.53
4065	0.9
4066	0.13
4067	0.44
4068	0.48
4069	0.47
4070	0.32
4071	0.4
4072	0.64
4073	0.87
4074	0.29
4075	0.43
4076	0.8
4077	0.58
4078	0.16
4079	0.67
4080	0.69
4081	0.17
4082	0.54
4083	0.8
4084	0.61
4085	0.98
4086	0.68
4087	0.76
4088	0.73
4089	0.4
4090	0.58
4091	0.31
4092	0.39
4093	0.67
4094	0.36
4095	1.08
4096	0.44
4097	0.99
4098	0.32
4099	0.48
4100	0.38
4101	0.52
4102	0.3
4103	1.26
4104	0.77
4105	0.33
4106	0.24
4107	0.72
4108	0.68
4109	0.48
4110	0.61
4111	0.72
4112	0.27
4113	0.34
4114	0.03
4115	0.45
4116	0.54
4117	0.21
4118	0.75
4119	0.61
4120	0.27
4121	0.45
4122	0.98
4123	0.59
4124	0.74
4125	0.22
4126	0.31
4127	0.07
4128	1.01
4129	0.22
4130	0.84
4131	0.54
4132	0.75
4133	0.46
4134	0.55
4135	0.55
4136	0.51
4137	0.55
4138	0.01
4139	0.4
4140	0.51
4141	0.31
4142	0.71
4143	1.02
4144	0.88
4145	0.89
4146	0.43
4147	0.69
4148	0.46
4149	0.91
4150	0.14
4151	1.09
4152	0.55
4153	0.53
4154	0.24
4155	1.1
4156	0.8
4157	0.21
4158	0.63
4159	0.52
4160	0.64
4161	0.43
4162	0.85
4163	0.53
4164	0.62
4165	0.75
4166	0.56
4167	0.41
4168	0.43
4169	0.45
4170	0.7
4171	0.88
4172	0.68
4173	0.22
4174	0.67
4175	0.67
4176	0.48
4177	0.56
4178	0.17
4179	0.25
4180	0.71
4181	1.37
4182	0.74
4183	0.55
4184	0.66
4185	0.51
4186	0.59
4187	1.06
4188	0.25
4189	0.78
4190	0.05
4191	0.45
4192	0.61
4193	0.31
4194	0.53
4195	0.88
4196	0.16
4197	0.2
4198	0.33
4199	0.38
4200	0.42
4201	0.73
4202	0.86
4203	0.06
4204	0.11
4205	0.13
4206	0.25
4207	0.35
4208	0.25
4209	0.59
4210	0.13
4211	0.36
4212	0.5
4213	0.82
4214	0.24
4215	0.26
4216	0.44
4217	0.15
4218	0.9
4219	0.65
4220	0.56
4221	0.96
4222	0.63
4223	0.51
4224	0.28
4225	1.19
4226	0.43
4227	0.32
4228	0.1
4229	0.3
4230	0.7
4231	0.94
4232	0.03
4233	0.25
4234	0.6
4235	0.6
4236	0.13
4237	0.48
4238	0.7
4239	0.64
4240	0.17
4241	0.4
4242	0.15
4243	0.7
4244	0.27
4245	0.18
4246	0.86
4247	0.04
4248	0.27
4249	0.35
4250	0.65
4251	0.6
4252	0.43
4253	0.83
4254	0.36
4255	0.74
4256	0.3
4257	0.59
4258	0.03
4259	0.28
4260	0.29
4261	0.53
4262	0.72
4263	0.54
4264	0.75
4265	0.63
4266	0.8
4267	0.78
4268	0.29
4269	0.56
4270	0.43
4271	0.09
4272	0.84
4273	0.3
4274	0.52
4275	0.55
4276	0.84
4277	0.31
4278	0.83
4279	0.71
4280	0.18
4281	0.4
4282	0.44
4283	0.66
4284	0.2
4285	0.44
4286	0.56
4287	0.56
4288	0.58
4289	0.61
4290	0.69
4291	0.21
4292	0.31
4293	0.66
4294	0.59
4295	0.6
4296	0.66
4297	0.91
4298	0.32
4299	0.35
4300	0.47
4301	0.65
4302	0.51
4303	0.61
4304	0.62
4305	0.75
4306	0.54
4307	0.22
4308	0.7
4309	0.11
4310	1.06
4311	0.46
4312	0.39
4313	0.12
4314	0.29
4315	0.34
4316	0.6
4317	0.33
4318	0.63
4319	0.66
4320	0.57
4321	1.3
4322	0.22
4323	0.16
4324	0.69
4325	0.12
4326	0.44
4327	0.7
4328	0.2
4329	1.07
4330	0.77
4331	0.74
4332	0.4
4333	0.61
4334	0.9
4335	0.53
4336	0.99
4337	0.23
4338	0.36
4339	0.55
4340	0.96
4341	0.15
4342	0.23
4343	0.62
4344	0.47
4345	0.33
4346	0.48
4347	0.54
4348	0.33
4349	0.54
4350	0.78
4351	0.8
4352	0.39
4353	0.35
4354	0.87
4355	0.42
4356	0.39
4357	0.24
4358	0.76
4359	0.29
4360	0.74
4361	0.52
4362	0.48
4363	0.42
4364	0.28
4365	0.89
4366	0.65
4367	0.59
4368	0.31
4369	0.49
4370	0.14
4371	0.61
4372	0.19
4373	0.59
4374	0.22
4375	0.57
4376	0.24
4377	0.77
4378	0.02
4379	0.16
4380	0.83
4381	0.6
4382	0.52
4383	0.28
4384	0.76
4385	0.45
4386	0.1
4387	0.2
4388	0.51
4389	1.42
4390	0.67
4391	0.56
4392	0.51
4393	0.46
4394	0.8
4395	0.22
4396	0.66
4397	0.67
4398	0.65
4399	0.01
4400	0.3
4401	0.28
4402	0.12
4403	0.53
4404	0.53
4405	1.01
4406	0.67
4407	0.59
4408	0.42
4409	0.49
4410	0.56
4411	0.41
4412	0.42
4413	0.28
4414	0.7
4415	0.74
4416	0.09
4417	0.63
4418	0.25
4419	0.55
4420	0.54
4421	0.52
4422	0.15
4423	0.77
4424	0.41
4425	0.79
4426	0.08
4427	0.27
4428	0.98
4429	0.34
4430	0.87
4431	0.45
4432	0.78
4433	0.66
4434	0.36
4435	0.27
4436	0.74
4437	0.16
4438	0.87
4439	0.76
4440	0.67
4441	0.57
4442	0.18
4443	0.2
4444	0.36
4445	0.22
4446	0.3
4447	0.11
4448	0.27
4449	0.53
4450	0.54
4451	0.86
4452	0.43
4453	0.71
4454	0.26
4455	0.24
4456	0.51
4457	0.65
4458	0.58
4459	0.26
4460	0.45
4461	0.65
4462	0.93
4463	0.1
4464	0.88
4465	0.21
4466	0.38
4467	0.07
4468	0.41
4469	0.46
4470	0.51
4471	0.42
4472	0.97
4473	0.63
4474	0.61
4475	0.57
4476	0.67
4477	0.47
4478	0.45
4479	0.73
4480	0.57
4481	0.93
4482	0.68
4483	0.69
4484	0.42
4485	0.88
4486	0.31
4487	0.3
4488	0.12
4489	0.51
4490	0.39
4491	0.25
4492	0.55
4493	0.05
4494	0.52
4495	0.37
4496	0.29
4497	0.76
4498	0.41
4499	0.35
4500	0.34
4501	0.58
4502	0.67
4503	0.7
4504	0.53
4505	1.06
4506	0.61
4507	0.52
4508	0.35
4509	0.27
4510	0.55
4511	0.01
4512	0.74
4513	0.43
4514	0.68
4515	0.57
4516	0.37
4517	0.37
4518	0.87
4519	0.63
4520	0.61
4521	0.39
4522	0.7
4523	0.46
4524	0.47
4525	0.6
4526	0.57
4527	0.59
4528	0.49
4529	0.42
4530	0.47
4531	0.49
4532	0.23
4533	0.29
4534	0.49
4535	0.44
4536	0.54
4537	0.71
4538	0.21
4539	0.79
4540	0.73
4541	0.01
4542	0.99
4543	0.2
4544	0.5
4545	0.3
4546	0.27
4547	0.41
4548	0.31
4549	0.86
4550	0.48
4551	0.12
4552	0.92
4553	0.8
4554	0.49
4555	0.51
4556	0.9
4557	0.69
4558	0.63
4559	0.44
4560	0.48
4561	0.24
4562	0.93
4563	0.32
4564	0.71
4565	0.26
4566	0.69
4567	0.2
4568	0.64
4569	0.23
4570	0.61
4571	0.65
4572	0.48
4573	0.58
4574	0.76
4575	0.18
4576	0.69
4577	0.81
4578	0.78
4579	0.51
4580	0.69
4581	0.93
4582	1.08
4583	0.37
4584	0.51
4585	0.26
4586	0.82
4587	0.54
4588	0.62
4589	1.23
4590	0.33
4591	0.55
4592	0.86
4593	0.78
4594	0.34
4595	0.49
4596	0.43
4597	0.36
4598	0.31
4599	0.04
4600	0.5
4601	0.57
4602	0.15
4603	0.6
4604	0.56
4605	0.62
4606	0.21
4607	0.07
4608	0.58
4609	0.38
4610	0.27
4611	0.98
4612	1.05
4613	0.11
4614	0.24
4615	0.07
4616	0.35
4617	0.04
4618	0.43
4619	0.68
4620	0.3
4621	0.33
4622	0.27
4623	0.67
4624	0.72
4625	0.31
4626	0.53
4627	0.05
4628	0.89
4629	0.43
4630	0.59
4631	0.37
4632	0.25
4633	0.75
4634	0.41
4635	0.75
4636	0.46
4637	0.13
4638	0.93
4639	0.7
4640	0.97
4641	0.42
4642	0.8
4643	0.4
4644	0.65
4645	0.3
4646	0.27
4647	0.35
4648	1.02
4649	0.35
4650	0.43
4651	0.42
4652	0.74
4653	0.72
4654	0.47
4655	0.18
4656	0.29
4657	0.51
4658	0.89
4659	0.87
4660	0.74
4661	0.77
4662	0.91
4663	0.32
4664	0.16
4665	0.72
4666	0.47
4667	0.63
4668	0.6
4669	0.24
4670	0.67
4671	0.49
4672	0.59
4673	0.1
4674	0.56
4675	0.07
4676	0.66
4677	0.73
4678	0.61
4679	0.3
4680	0.07
4681	0.13
4682	0.83
4683	0.24
4684	0.42
4685	0.43
4686	0.17
4687	0.41
4688	0.61
4689	0.28
4690	0.81
4691	0.05
4692	0.38
4693	0.14
4694	0.71
4695	0.36
4696	0.22
4697	0.42
4698	0.88
4699	0.39
4700	0.45
4701	0.07
4702	0.14
4703	1.18
4704	0.67
4705	0.82
4706	0.85
4707	0.65
4708	0.52
4709	0.63
4710	0.4
4711	0.23
4712	0.08
4713	0.56
4714	0.54
4715	0.59
4716	0.45
4717	0.5
4718	0.14
4719	0.69
4720	0.32
4721	0.52
4722	0.75
4723	1.05
4724	0.19
4725	0.45
4726	0.3
4727	0.54
4728	0.02
4729	0.41
4730	0.76
4731	0.53
4732	0.12
4733	0.15
4734	0.39
4735	0.71
4736	1.04
4737	0.19
4738	0.49
4739	0.22
4740	0.34
4741	0.37
4742	0.44
4743	0.11
4744	0.38
4745	0.7
4746	0.99
4747	0.43
4748	0.07
4749	0.27
4750	0.44
4751	0.26
4752	0.47
4753	0.28
4754	0.6
4755	0.37
4756	0.01
4757	0.61
4758	0.69
4759	1.08
4760	0.67
4761	0.57
4762	0.18
4763	0.84
4764	0.13
4765	0.35
4766	0.61
4767	0.9
4768	0.11
4769	0.37
4770	0.58
4771	0.76
4772	0.69
4773	0.46
4774	0.32
4775	0.62
4776	0.86
4777	0.43
4778	0.54
4779	1.17
4780	0.69
4781	0.03
4782	0.17
4783	0.4
4784	0.65
4785	1.15
4786	0.63
4787	0.26
4788	0.49
4789	0.44
4790	0.05
4791	0.41
4792	1.0
4793	0.44
4794	0.98
4795	0.57
4796	0.6
4797	0.34
4798	0.86
4799	0.05
4800	0.53
4801	0.18
4802	0.89
4803	0.9
4804	0.38
4805	0.74
4806	0.47
4807	0.91
4808	0.63
4809	0.48
4810	0.29
4811	0.79
4812	0.18
4813	0.53
4814	0.53
4815	0.29
4816	0.54
4817	1.01
4818	0.95
4819	0.23
4820	0.43
4821	0.87
4822	0.65
4823	0.35
4824	0.56
4825	0.52
4826	0.54
4827	0.59
4828	0.14
4829	0.42
4830	0.86
4831	0.49
4832	0.42
4833	0.21
4834	0.62
4835	0.5
4836	0.48
4837	0.27
4838	0.36
4839	0.26
4840	1.03
4841	0.89
4842	0.56
4843	0.23
4844	0.79
4845	0.87
4846	0.28
4847	0.38
4848	0.95
4849	0.7
4850	0.36
4851	0.61
4852	0.35
4853	0.2
4854	0.89
4855	1.02
4856	0.5
4857	0.58
4858	0.76
4859	0.72
4860	0.87
4861	0.24
4862	0.4
4863	0.46
4864	0.59
4865	0.53
4866	0.28
4867	0.55
4868	0.96
4869	0.33
4870	0.16
4871	0.05
4872	0.64
4873	0.7
4874	0.46
4875	0.8
4876	0.3
4877	0.68
4878	0.29
4879	0.61
4880	0.37
4881	0.87
4882	0.47
4883	0.81
4884	0.38
4885	0.25
4886	0.75
4887	0.39
4888	0.99
4889	0.52
4890	0.4
4891	0.48
4892	0.41
4893	0.18
4894	0.24
4895	0.9
4896	0.36
4897	0.56
4898	0.08
4899	0.76
4900	0.69
4901	0.6
4902	0.83
4903	0.73
4904	0.63
4905	0.46
4906	0.8
4907	0.35
4908	0.86
4909	0.54
4910	1.16
4911	1.05
4912	0.69
4913	0.48
4914	0.71
4915	0.5
4916	0.26
4917	0.36
4918	0.49
4919	0.02
4920	0.34
4921	0.44
4922	0.42
4923	0.5
4924	0.58
4925	0.24
4926	0.86
4927	0.71
4928	0.78
4929	0.44
4930	0.13
4931	0.59
4932	0.13
4933	0.42
4934	0.31
4935	0.81
4936	0.36
4937	0.68
4938	0.65
4939	0.81
4940	0.46
4941	0.3
4942	0.42
4943	0.27
4944	0.45
4945	0.45
4946	0.48
4947	0.5
4948	0.77
4949	1.03
4950	0.78
4951	0.34
4952	0.1
4953	0.43
4954	0.2
4955	0.97
4956	0.2
4957	0.25
4958	0.23
4959	0.32
4960	0.99
4961	0.64
4962	0.41
4963	0.35
4964	0.26
4965	0.61
4966	0.04
4967	0.33
4968	0.8
4969	0.79
4970	0.34
4971	0.55
4972	0.81
4973	0.39
4974	0.87
4975	0.6
4976	0.15
4977	0.94
4978	0.29
4979	0.52
4980	0.55
4981	0.54
4982	0.21
4983	0.49
4984	0.4
4985	0.83
4986	0.72
4987	0.47
4988	0.67
4989	0.03
4990	1.12
4991	0.42
4992	0.93
4993	0.43
4994	0.29
4995	0.28
4996	0.42
4997	0.74
4998	0.77
4999	0.3
5000	0.98
5001	0.58
5002	0.66
5003	0.59
5004	0.71
5005	0.49
5006	0.64
5007	0.26
5008	0.62
5009	0.35
5010	0.86
5011	0.53
5012	0.61
5013	0.86
5014	0.44
5015	0.14
5016	0.54
5017	0.78
5018	0.36
5019	0.36
5020	0.53
5021	1.18
5022	0.63
5023	0.9
5024	0.07
5025	0.74
5026	0.81
5027	0.0
5028	0.82
5029	0.67
5030	0.78
5031	0.87
5032	0.54
5033	0.59
5034	0.62
5035	0.7
5036	0.55
5037	0.16
5038	0.36
5039	0.16
5040	0.18
5041	0.01
5042	0.8
5043	0.5
5044	0.72
5045	0.43
5046	0.43
5047	0.65
5048	0.45
5049	0.93
5050	0.46
5051	0.32
5052	0.74
5053	0.57
5054	0.62
5055	0.23
5056	0.56
5057	0.44
5058	0.5
5059	0.59
5060	0.42
5061	0.4
5062	0.68
5063	0.15
5064	0.36
5065	0.36
5066	0.29
5067	0.71
5068	0.4
5069	0.25
5070	0.53
5071	0.28
5072	0.28
5073	0.52
5074	0.79
5075	0.78
5076	0.09
5077	0.69
5078	0.12
5079	0.23
5080	0.17
5081	0.61
5082	0.74
5083	0.29
5084	0.47
5085	0.61
5086	0.05
5087	0.77
5088	0.58
5089	0.59
5090	0.47
5091	0.65
5092	0.09
5093	0.6
5094	0.74
5095	0.3
5096	0.43
5097	0.54
5098	0.38
5099	0.37
5100	0.48
5101	0.57
5102	0.64
5103	0.86
5104	0.38
5105	0.64
5106	0.56
5107	0.09
5108	0.49
5109	0.39
5110	0.64
5111	0.24
5112	0.88
5113	0.29
5114	0.68
5115	1.0
5116	0.5
5117	0.84
5118	0.73
5119	1.06
5120	0.55
5121	0.71
5122	0.41
5123	0.87
5124	0.56
5125	0.14
5126	0.22
5127	0.26
5128	0.11
5129	0.28
5130	0.98
5131	0.67
5132	1.02
5133	0.49
5134	0.58
5135	0.26
5136	0.28
5137	0.3
5138	0.21
5139	0.31
5140	0.73
5141	0.89
5142	0.83
5143	0.55
5144	0.56
5145	0.25
5146	0.87
5147	0.8
5148	0.32
5149	0.57
5150	0.62
5151	0.58
5152	1.29
5153	0.71
5154	0.42
5155	0.09
5156	0.52
5157	0.84
5158	0.53
5159	1.02
5160	0.91
5161	0.83
5162	0.74
5163	0.43
5164	0.41
5165	0.28
5166	0.51
5167	0.33
5168	0.47
5169	0.76
5170	0.21
5171	0.77
5172	0.48
5173	0.54
5174	0.63
5175	0.51
5176	0.6
5177	0.92
5178	0.86
5179	0.67
5180	0.27
5181	0.15
5182	0.55
5183	0.87
5184	0.23
5185	0.39
5186	0.24
5187	0.28
5188	0.42
5189	0.36
5190	0.46
5191	0.79
5192	0.69
5193	0.29
5194	0.4
5195	0.32
5196	0.65
5197	0.57
5198	0.37
5199	0.82
5200	0.48
5201	0.19
5202	0.44
5203	0.52
5204	0.3
5205	0.98
5206	0.82
5207	0.28
5208	0.64
5209	0.48
5210	0.95
5211	1.15
5212	0.32
5213	0.63
5214	0.28
5215	0.67
5216	0.76
5217	0.51
5218	0.79
5219	0.48
5220	0.42
5221	0.89
5222	0.25
5223	0.54
5224	0.16
5225	0.06
5226	0.37
5227	0.13
5228	0.38
5229	0.78
5230	0.48
5231	0.46
5232	0.69
5233	0.35
5234	0.74
5235	0.7
5236	0.15
5237	0.97
5238	0.19
5239	0.24
5240	0.45
5241	0.07
5242	0.57
5243	0.03
5244	0.05
5245	0.4
5246	0.64
5247	0.35
5248	0.97
5249	0.34
5250	0.41
5251	0.48
5252	0.74
5253	0.08
5254	0.25
5255	0.45
5256	0.47
5257	0.66
5258	0.94
5259	0.78
5260	0.38
5261	0.74
5262	0.32
5263	0.52
5264	0.72
5265	0.82
5266	0.06
5267	0.7
5268	0.35
5269	0.45
5270	0.24
5271	0.59
5272	0.79
5273	0.86
5274	0.56
5275	0.34
5276	0.34
5277	0.43
5278	0.26
5279	0.01
5280	0.12
5281	0.29
5282	0.43
5283	0.58
5284	0.41
5285	0.65
5286	0.55
5287	0.28
5288	0.64
5289	0.2
5290	0.77
5291	0.59
5292	0.47
5293	0.72
5294	0.13
5295	1.08
5296	0.07
5297	0.81
5298	0.14
5299	0.16
5300	0.48
5301	0.66
5302	0.56
5303	0.61
5304	0.52
5305	0.49
5306	0.45
5307	0.23
5308	0.52
5309	0.6
5310	0.08
5311	0.4
5312	0.22
5313	1.08
5314	0.57
5315	0.7
5316	0.07
5317	0.31
5318	1.11
5319	0.25
5320	1.03
5321	1.01
5322	0.52
5323	0.43
5324	0.64
5325	1.13
5326	0.51
5327	0.23
5328	0.48
5329	0.21
5330	0.95
5331	0.44
5332	0.52
5333	0.13
5334	0.25
5335	0.27
5336	0.71
5337	0.74
5338	0.5
5339	0.91
5340	0.26
5341	0.44
5342	0.78
5343	0.5
5344	0.32
5345	1.02
5346	0.08
5347	0.02
5348	0.14
5349	0.73
5350	0.67
5351	0.39
5352	0.4
5353	0.36
5354	0.5
5355	0.33
5356	0.75
5357	0.39
5358	0.94
5359	0.45
5360	0.47
5361	0.59
5362	0.46
5363	0.65
5364	0.27
5365	0.49
5366	0.38
5367	1.01
5368	0.22
5369	0.16
5370	0.48
5371	0.24
5372	0.64
5373	0.74
5374	0.29
5375	0.61
5376	0.8
5377	0.54
5378	0.4
5379	0.48
5380	0.7
5381	1.1
5382	0.49
5383	0.55
5384	1.09
5385	0.36
5386	0.15
5387	0.53
5388	0.88
5389	0.57
5390	0.37
5391	0.61
5392	0.62
5393	1.14
5394	0.18
5395	0.91
5396	0.69
5397	0.01
5398	0.37
5399	0.31
5400	0.36
5401	0.65
5402	0.41
5403	0.24
5404	1.0
5405	0.57
5406	0.13
5407	0.43
5408	0.31
5409	0.72
5410	0.91
5411	0.56
5412	0.55
5413	1.01
5414	0.63
5415	0.88
5416	0.42
5417	0.69
5418	0.32
5419	0.77
5420	0.62
5421	0.7
5422	0.44
5423	0.43
5424	0.44
5425	0.97
5426	0.55
5427	0.62
5428	0.25
5429	0.9
5430	0.16
5431	1.06
5432	0.37
5433	0.43
5434	1.12
5435	0.16
5436	0.39
5437	0.21
5438	0.89
5439	0.75
5440	0.55
5441	0.56
5442	0.45
5443	0.05
5444	0.11
5445	0.74
5446	0.66
5447	0.77
5448	0.85
5449	0.4
5450	0.28
5451	0.27
5452	0.5
5453	0.8
5454	0.22
5455	0.27
5456	0.92
5457	0.87
5458	0.47
5459	0.51
5460	0.1
5461	0.56
5462	0.69
5463	0.07
5464	0.51
5465	0.33
5466	0.06
5467	0.05
5468	1.08
5469	0.49
5470	0.56
5471	0.41
5472	0.37
5473	0.26
5474	0.93
5475	0.82
5476	0.65
5477	0.21
5478	0.42
5479	0.42
5480	0.8
5481	0.55
5482	0.04
5483	0.75
5484	0.54
5485	0.73
5486	0.6
5487	0.22
5488	0.63
5489	0.31
5490	0.52
5491	0.11
5492	0.76
5493	0.13
5494	0.68
5495	0.18
5496	0.31
5497	0.41
5498	0.36
5499	0.84
5500	0.42
5501	1.11
5502	0.4
5503	0.54
5504	0.37
5505	0.84
5506	0.94
5507	0.01
5508	0.47
5509	0.28
5510	0.18
5511	0.55
5512	0.78
5513	0.53
5514	0.29
5515	0.64
5516	0.41
5517	0.54
5518	0.54
5519	0.49
5520	0.23
5521	0.75
5522	0.36
5523	0.38
5524	0.73
5525	0.51
5526	0.42
5527	0.66
5528	0.56
5529	0.31
5530	0.29
5531	0.9
5532	0.13
5533	0.12
5534	0.83
5535	0.52
5536	0.22
5537	0.14
5538	0.33
5539	0.2
5540	0.16
5541	0.34
5542	0.31
5543	0.41
5544	0.19
5545	0.29
5546	0.79
5547	0.67
5548	0.74
5549	0.59
5550	0.32
5551	0.37
5552	0.35
5553	0.22
5554	0.56
5555	0.51
5556	0.6
5557	0.64
5558	0.65
5559	0.64
5560	0.41
5561	0.07
5562	0.42
5563	0.47
5564	0.56
5565	0.56
5566	0.55
5567	0.52
5568	0.5
5569	0.33
5570	0.83
5571	0.62
5572	0.66
5573	0.97
5574	0.72
5575	0.26
5576	0.75
5577	0.64
5578	0.29
5579	0.46
5580	0.44
5581	0.82
5582	0.19
5583	0.6
5584	0.15
5585	0.83
5586	0.37
5587	0.31
5588	0.66
5589	0.81
5590	0.28
5591	0.99
5592	0.3
5593	0.68
5594	0.03
5595	0.21
5596	0.74
5597	0.48
5598	0.52
5599	0.41
5600	0.6
5601	0.85
5602	0.35
5603	0.49
5604	0.86
5605	0.6
5606	0.54
5607	0.22
5608	0.02
5609	0.66
5610	0.8
5611	0.53
5612	0.34
5613	0.25
5614	0.22
5615	0.29
5616	0.27
5617	0.51
5618	0.87
5619	0.17
5620	0.84
5621	0.09
5622	0.3
5623	0.32
5624	0.37
5625	0.42
5626	0.42
5627	0.44
5628	0.29
5629	1.07
5630	0.36
5631	0.38
5632	0.33
5633	0.19
5634	0.55
5635	0.35
5636	0.7
5637	0.47
5638	0.35
5639	0.42
5640	0.67
5641	0.33
5642	0.16
5643	0.02
5644	0.6
5645	0.88
5646	1.07
5647	0.67
5648	0.69
5649	0.98
5650	0.74
5651	0.82
5652	0.84
5653	0.44
5654	0.94
5655	0.4
5656	0.51
5657	0.72
5658	0.3
5659	1.06
5660	0.02
5661	0.25
5662	0.47
5663	0.84
5664	0.32
5665	0.54
5666	0.88
5667	0.31
5668	0.63
5669	0.27
5670	0.31
5671	0.36
5672	0.53
5673	0.49
5674	0.16
5675	0.29
5676	0.31
5677	1.03
5678	0.11
5679	0.37
5680	0.8
5681	0.36
5682	0.86
5683	0.46
5684	0.56
5685	0.67
5686	0.39
5687	0.49
5688	0.82
5689	0.31
5690	0.17
5691	0.53
5692	0.32
5693	0.62
5694	0.82
5695	0.7
5696	0.36
5697	0.79
5698	0.19
5699	0.66
5700	0.56
5701	0.36
5702	0.64
5703	0.45
5704	0.84
5705	0.18
5706	0.49
5707	0.59
5708	0.67
5709	0.67
5710	0.4
5711	0.27
5712	0.54
5713	0.62
5714	0.68
5715	0.54
5716	0.69
5717	1.09
5718	0.42
5719	1.17
5720	1.14
5721	0.58
5722	0.74
5723	0.49
5724	0.78
5725	0.89
5726	0.87
5727	0.35
5728	0.91
5729	0.52
5730	0.65
5731	1.15
5732	0.39
5733	0.57
5734	0.77
5735	0.42
5736	0.72
5737	0.91
5738	0.96
5739	0.49
5740	0.51
5741	0.67
5742	0.75
5743	0.31
5744	0.05
5745	0.4
5746	0.07
5747	0.87
5748	0.78
5749	0.42
5750	0.46
5751	0.33
5752	0.31
5753	0.5
5754	0.74
5755	0.27
5756	0.49
5757	0.24
5758	0.34
5759	0.76
5760	0.32
5761	0.1
5762	0.82
5763	0.63
5764	0.82
5765	0.32
5766	0.67
5767	0.67
5768	0.61
5769	0.98
5770	0.64
5771	0.5
5772	0.92
5773	0.58
5774	0.52
5775	0.72
5776	0.47
5777	0.43
5778	0.74
5779	0.11
5780	1.13
5781	0.65
5782	0.61
5783	0.36
5784	0.37
5785	0.08
5786	0.72
5787	0.87
5788	0.78
5789	0.49
5790	0.25
5791	0.6
5792	0.46
5793	0.65
5794	0.39
5795	0.58
5796	0.4
5797	0.35
5798	0.95
5799	0.09
5800	0.25
5801	0.54
5802	0.31
5803	0.9
5804	0.16
5805	0.52
5806	0.37
5807	0.33
5808	0.58
5809	0.32
5810	0.13
5811	0.11
5812	0.65
5813	0.83
5814	0.47
5815	0.52
5816	0.57
5817	0.41
5818	0.21
5819	0.41
5820	0.16
5821	0.63
5822	0.41
5823	0.85
5824	0.43
5825	0.39
5826	0.14
5827	0.71
5828	0.5
5829	0.2
5830	0.45
5831	0.74
5832	0.57
5833	0.18
5834	0.43
5835	0.45
5836	0.62
5837	0.43
5838	0.29
5839	0.32
5840	0.75
5841	0.55
5842	0.53
5843	0.55
5844	0.87
5845	0.43
5846	0.48
5847	0.95
5848	0.72
5849	0.62
5850	1.07
5851	0.63
5852	0.23
5853	0.04
5854	0.3
5855	0.66
5856	1.07
5857	0.25
5858	0.43
5859	0.63
5860	0.33
5861	0.58
5862	0.32
5863	0.17
5864	0.49
5865	0.82
5866	0.75
5867	0.01
5868	0.98
5869	0.37
5870	0.76
5871	0.41
5872	0.63
5873	0.38
5874	0.37
5875	0.02
5876	0.92
5877	0.99
5878	0.4
5879	0.82
5880	0.72
5881	0.25
5882	0.57
5883	0.87
5884	0.45
5885	0.62
5886	0.28
5887	0.43
5888	1.27
5889	0.11
5890	0.72
5891	0.55
5892	0.3
5893	0.63
5894	0.61
5895	0.42
5896	0.48
5897	0.73
5898	0.46
5899	0.87
5900	0.8
5901	0.87
5902	0.56
5903	0.44
5904	0.28
5905	0.39
5906	0.68
5907	0.23
5908	0.33
5909	0.72
5910	0.65
5911	0.52
5912	0.54
5913	0.39
5914	0.67
5915	0.54
5916	0.33
5917	0.36
5918	0.66
5919	0.62
5920	0.31
5921	0.69
5922	0.19
5923	0.64
5924	1.24
5925	0.55
5926	1.17
5927	0.2
5928	0.77
5929	0.34
5930	0.25
5931	0.15
5932	0.67
5933	0.54
5934	0.16
5935	0.65
5936	0.7
5937	0.12
5938	0.23
5939	0.67
5940	1.19
5941	0.22
5942	0.31
5943	0.27
5944	0.33
5945	0.22
5946	0.39
5947	0.8
5948	0.72
5949	0.54
5950	0.56
5951	0.07
5952	0.02
5953	0.12
5954	0.22
5955	0.4
5956	0.43
5957	0.39
5958	0.53
5959	0.4
5960	0.49
5961	0.72
5962	0.45
5963	0.54
5964	0.47
5965	0.61
5966	0.4
5967	0.53
5968	0.77
5969	0.86
5970	0.57
5971	1.09
5972	0.47
5973	0.01
5974	1.04
5975	0.87
5976	0.86
5977	0.76
5978	0.9
5979	0.21
5980	0.22
5981	0.83
5982	0.57
5983	0.49
5984	0.57
5985	0.21
5986	0.75
5987	0.47
5988	0.53
5989	0.04
5990	0.97
5991	0.01
5992	0.56
5993	0.94
5994	0.75
5995	0.7
5996	0.72
5997	0.45
5998	0.49
5999	0.22
6000	0.2
6001	0.73
6002	0.65
6003	0.14
6004	0.32
6005	0.78
6006	0.51
6007	0.07
6008	0.18
6009	0.91
6010	0.29
6011	0.69
6012	0.51
6013	0.67
6014	0.51
6015	0.55
6016	0.49
6017	0.69
6018	0.22
6019	0.07
6020	0.8
6021	0.39
6022	0.25
6023	0.73
6024	0.55
6025	0.3
6026	0.45
6027	0.62
6028	0.46
6029	0.5
6030	0.46
6031	0.52
6032	0.68
6033	0.73
6034	0.65
6035	0.87
6036	0.47
6037	0.13
6038	0.69
6039	0.63
6040	0.78
6041	0.53
6042	0.31
6043	0.9
6044	0.33
6045	0.36
6046	0.77
6047	0.66
6048	0.22
6049	0.41
6050	1.18
6051	0.01
6052	0.94
6053	0.67
6054	1.4
6055	0.6
6056	0.6
6057	0.76
6058	0.3
6059	0.72
6060	0.8
6061	0.26
6062	0.78
6063	0.49
6064	0.78
6065	0.89
6066	0.05
6067	0.39
6068	0.72
6069	0.67
6070	0.66
6071	0.33
6072	0.52
6073	0.6
6074	0.63
6075	0.57
6076	0.56
6077	0.53
6078	0.58
6079	0.84
6080	0.65
6081	0.87
6082	0.98
6083	0.76
6084	0.91
6085	0.43
6086	0.08
6087	0.85
6088	0.27
6089	0.68
6090	0.25
6091	0.25
6092	0.2
6093	0.43
6094	0.65
6095	0.74
6096	0.05
6097	0.46
6098	0.18
6099	0.68
6100	0.32
6101	0.81
6102	0.87
6103	0.27
6104	0.62
6105	0.75
6106	0.08
6107	0.3
6108	0.29
6109	0.98
6110	0.06
6111	0.51
6112	0.18
6113	0.89
6114	0.57
6115	0.94
6116	0.27
6117	0.51
6118	0.18
6119	0.38
6120	0.21
6121	0.58
6122	0.34
6123	0.52
6124	0.65
6125	0.28
6126	0.52
6127	0.65
6128	0.66
6129	0.08
6130	0.25
6131	0.27
6132	0.33
6133	0.59
6134	0.55
6135	0.74
6136	0.53
6137	0.1
6138	0.42
6139	0.63
6140	0.59
6141	0.25
6142	0.14
6143	0.52
6144	0.41
6145	0.26
6146	0.26
6147	0.85
6148	0.7
6149	0.95
6150	0.65
6151	0.22
6152	0.67
6153	0.83
6154	0.57
6155	0.22
6156	0.75
6157	1.07
6158	0.38
6159	0.53
6160	0.2
6161	0.06
6162	0.46
6163	0.58
6164	0.52
6165	0.56
6166	0.35
6167	0.43
6168	0.55
6169	0.03
6170	0.33
6171	0.66
6172	0.35
6173	0.48
6174	0.34
6175	0.65
6176	0.35
6177	0.59
6178	0.58
6179	0.81
6180	0.76
6181	0.44
6182	0.78
6183	0.59
6184	0.22
6185	0.44
6186	0.92
6187	0.75
6188	0.2
6189	0.26
6190	0.68
6191	0.82
6192	0.8
6193	0.66
6194	0.04
6195	0.5
6196	0.49
6197	0.48
6198	0.3
6199	0.13
6200	0.44
6201	0.35
6202	0.0
6203	0.9
6204	0.16
6205	0.35
6206	0.42
6207	0.87
6208	0.59
6209	0.45
6210	0.94
6211	0.3
6212	0.58
6213	0.27
6214	0.7
6215	0.48
6216	0.47
6217	0.35
6218	0.91
6219	0.72
6220	0.53
6221	0.39
6222	0.07
6223	0.89
6224	0.78
6225	0.48
6226	0.81
6227	0.75
6228	0.58
6229	0.44
6230	0.08
6231	0.2
6232	0.79
6233	0.26
6234	0.73
6235	0.58
6236	0.56
6237	0.58
6238	0.26
6239	1.07
6240	0.89
6241	0.6
6242	0.39
6243	0.59
6244	0.97
6245	0.67
6246	0.4
6247	0.43
6248	0.48
6249	0.34
6250	0.72
6251	0.57
6252	0.12
6253	0.75
6254	1.0
6255	0.82
6256	0.25
6257	0.32
6258	0.68
6259	0.79
6260	0.84
6261	0.39
6262	1.14
6263	0.23
6264	0.35
6265	0.33
6266	0.96
6267	0.5
6268	0.46
6269	0.55
6270	0.52
6271	0.48
6272	0.48
6273	0.78
6274	0.54
6275	0.35
6276	0.3
6277	0.31
6278	0.55
6279	0.7
6280	0.77
6281	1.01
6282	0.27
6283	0.52
6284	0.48
6285	0.41
6286	0.68
6287	0.48
6288	0.73
6289	0.61
6290	0.46
6291	0.23
6292	0.63
6293	0.6
6294	0.27
6295	0.61
6296	0.44
6297	0.94
6298	0.51
6299	0.19
6300	0.48
6301	0.13
6302	0.4
6303	0.21
6304	1.06
6305	0.42
6306	0.46
6307	1.05
6308	0.55
6309	0.34
6310	0.25
6311	0.48
6312	0.36
6313	0.61
6314	0.62
6315	0.15
6316	0.19
6317	0.54
6318	0.62
6319	0.33
6320	0.13
6321	0.34
6322	0.38
6323	0.21
6324	0.13
6325	0.67
6326	0.53
6327	0.51
6328	0.97
6329	0.96
6330	0.68
6331	0.36
6332	0.75
6333	0.2
6334	0.61
6335	0.4
6336	0.46
6337	0.38
6338	0.75
6339	0.16
6340	0.31
6341	0.04
6342	0.75
6343	0.44
6344	0.49
6345	0.48
6346	0.79
6347	0.33
6348	0.65
6349	0.49
6350	0.49
6351	0.84
6352	0.15
6353	0.26
6354	0.17
6355	0.81
6356	0.31
6357	1.4
6358	0.72
6359	0.55
6360	0.41
6361	0.08
6362	0.23
6363	1.03
6364	0.26
6365	0.24
6366	0.76
6367	0.26
6368	0.42
6369	0.73
6370	0.34
6371	0.73
6372	0.53
6373	0.46
6374	0.59
6375	1.03
6376	0.34
6377	0.67
6378	0.2
6379	0.14
6380	0.09
6381	0.83
6382	0.16
6383	0.33
6384	0.68
6385	0.2
6386	0.4
6387	0.53
6388	1.04
6389	0.79
6390	0.46
6391	0.46
6392	0.65
6393	0.21
6394	0.4
6395	0.59
6396	0.25
6397	0.41
6398	0.23
6399	0.83
6400	0.79
6401	0.78
6402	0.6
6403	0.99
6404	0.89
6405	0.48
6406	0.47
6407	0.62
6408	0.46
6409	0.54
6410	0.64
6411	0.66
6412	0.08
6413	0.26
6414	0.64
6415	0.44
6416	0.82
6417	0.5
6418	0.43
6419	0.71
6420	0.29
6421	0.27
6422	0.59
6423	0.59
6424	0.53
6425	0.65
6426	0.83
6427	0.85
6428	0.63
6429	0.89
6430	0.25
6431	0.79
6432	0.15
6433	0.45
6434	0.15
6435	0.44
6436	0.7
6437	0.6
6438	0.81
6439	0.05
6440	0.3
6441	0.26
6442	0.38
6443	0.34
6444	0.12
6445	0.95
6446	0.31
6447	0.22
6448	0.4
6449	0.66
6450	0.48
6451	0.32
6452	0.5
6453	0.67
6454	0.45
6455	0.5
6456	0.79
6457	0.65
6458	0.23
6459	0.61
6460	0.35
6461	0.49
6462	0.3
6463	0.06
6464	0.46
6465	0.82
6466	0.66
6467	0.48
6468	0.13
6469	0.38
6470	0.91
6471	0.43
6472	0.87
6473	0.4
6474	0.71
6475	0.5
6476	0.44
6477	0.64
6478	0.31
6479	0.85
6480	0.0
6481	0.67
6482	0.45
6483	0.29
6484	0.66
6485	0.31
6486	0.48
6487	0.64
6488	0.45
6489	0.54
6490	0.45
6491	0.63
6492	0.2
6493	0.24
6494	0.69
6495	0.78
6496	0.72
6497	0.53
6498	0.4
6499	1.13
6500	1.05
6501	0.59
6502	0.31
6503	0.12
6504	0.58
6505	0.26
6506	0.68
6507	0.3
6508	0.32
6509	0.68
6510	0.11
6511	0.7
6512	0.3
6513	0.47
6514	0.61
6515	0.64
6516	0.59
6517	0.86
6518	0.49
6519	0.31
6520	0.34
6521	0.38
6522	0.5
6523	0.89
6524	0.64
6525	0.21
6526	0.72
6527	0.58
6528	0.86
6529	0.8
6530	0.79
6531	0.42
6532	0.21
6533	0.91
6534	0.67
6535	0.52
6536	0.27
6537	0.69
6538	0.08
6539	0.15
6540	0.41
6541	0.36
6542	0.26
6543	0.48
6544	0.5
6545	0.42
6546	0.42
6547	0.37
6548	0.45
6549	0.29
6550	0.15
6551	0.04
6552	0.02
6553	0.86
6554	0.35
6555	0.83
6556	0.05
6557	0.31
6558	0.75
6559	0.66
6560	0.77
6561	0.11
6562	0.67
6563	0.52
6564	0.42
6565	0.59
6566	0.83
6567	0.78
6568	0.21
6569	0.41
6570	0.43
6571	0.53
6572	0.67
6573	1.01
6574	0.69
6575	0.27
6576	0.32
6577	0.53
6578	0.31
6579	0.41
6580	0.54
6581	0.49
6582	0.75
6583	0.47
6584	0.04
6585	0.2
6586	0.62
6587	0.92
6588	0.47
6589	0.48
6590	0.72
6591	0.28
6592	0.26
6593	0.1
6594	0.3
6595	0.78
6596	0.4
6597	0.23
6598	0.69
6599	0.32
6600	0.7
6601	0.34
6602	0.82
6603	0.35
6604	0.4
6605	0.71
6606	0.25
6607	0.53
6608	0.41
6609	0.53
6610	0.58
6611	1.12
6612	0.51
6613	0.6
6614	0.72
6615	0.02
6616	0.42
6617	1.03
6618	0.21
6619	0.34
6620	0.62
6621	0.8
6622	0.69
6623	0.66
6624	0.59
6625	0.56
6626	0.87
6627	0.25
6628	0.52
6629	0.38
6630	0.43
6631	0.36
6632	0.81
6633	0.56
6634	0.32
6635	0.33
6636	0.62
6637	0.4
6638	0.21
6639	0.02
6640	0.98
6641	0.57
6642	0.65
6643	0.47
6644	1.21
6645	1.0
6646	0.17
6647	0.22
6648	0.92
6649	0.46
6650	0.52
6651	0.51
6652	0.46
6653	0.28
6654	0.87
6655	0.28
6656	0.37
6657	0.08
6658	0.75
6659	0.28
6660	0.44
6661	0.49
6662	0.71
6663	0.91
6664	0.04
6665	0.67
6666	0.14
6667	0.57
6668	0.59
6669	0.2
6670	0.87
6671	0.75
6672	0.55
6673	0.53
6674	0.67
6675	0.77
6676	0.26
6677	0.67
6678	0.48
6679	0.34
6680	0.01
6681	0.32
6682	0.56
6683	0.03
6684	1.06
6685	0.5
6686	0.08
6687	1.08
6688	0.4
6689	0.61
6690	0.44
6691	0.29
6692	0.68
6693	0.65
6694	0.72
6695	0.13
6696	0.59
6697	0.52
6698	0.33
6699	0.15
6700	1.05
6701	0.63
6702	0.77
6703	0.67
6704	0.28
6705	0.52
6706	0.55
6707	0.45
6708	0.37
6709	0.33
6710	0.02
6711	0.83
6712	0.23
6713	0.26
6714	0.46
6715	0.22
6716	0.7
6717	0.05
6718	0.62
6719	0.3
6720	0.41
6721	0.43
6722	0.53
6723	0.44
6724	1.28
6725	0.75
6726	0.63
6727	1.18
6728	0.16
6729	0.39
6730	0.53
6731	0.4
6732	0.64
6733	0.64
6734	0.19
6735	0.35
6736	0.29
6737	0.97
6738	0.76
6739	0.77
6740	0.02
6741	0.2
6742	0.16
6743	0.68
6744	0.31
6745	0.68
6746	0.18
6747	0.68
6748	0.26
6749	0.6
6750	0.29
6751	0.61
6752	0.75
6753	0.57
6754	0.24
6755	0.29
6756	0.45
6757	0.85
6758	0.56
6759	0.07
6760	0.44
6761	0.28
6762	0.59
6763	0.58
6764	0.23
6765	0.65
6766	0.75
6767	0.47
6768	0.39
6769	0.22
6770	0.19
6771	0.7
6772	0.16
6773	0.52
6774	0.62
6775	0.23
6776	1.03
6777	0.72
6778	0.38
6779	0.04
6780	0.61
6781	0.1
6782	0.14
6783	0.21
6784	0.66
6785	0.73
6786	0.55
6787	0.94
6788	0.7
6789	0.66
6790	0.56
6791	0.13
6792	0.06
6793	0.33
6794	0.45
6795	0.6
6796	0.18
6797	0.43
6798	0.27
6799	0.71
6800	0.55
6801	0.55
6802	0.33
6803	0.46
6804	0.61
6805	0.35
6806	0.6
6807	0.76
6808	0.62
6809	0.61
6810	0.16
6811	0.48
6812	0.77
6813	0.51
6814	0.46
6815	0.75
6816	1.03
6817	0.36
6818	0.41
6819	0.7
6820	0.07
6821	0.16
6822	0.53
6823	0.37
6824	0.53
6825	0.31
6826	0.3
6827	0.51
6828	0.5
6829	0.34
6830	0.4
6831	0.22
6832	0.42
6833	0.05
6834	0.3
6835	0.89
6836	0.57
6837	0.2
6838	0.74
6839	0.61
6840	1.0
6841	0.66
6842	0.15
6843	0.41
6844	0.23
6845	1.16
6846	0.16
6847	0.33
6848	1.07
6849	0.25
6850	0.43
6851	0.68
6852	0.13
6853	0.95
6854	1.1
6855	0.92
6856	0.75
6857	0.32
6858	0.71
6859	0.22
6860	0.64
6861	0.72
6862	0.69
6863	0.82
6864	0.44
6865	0.32
6866	0.77
6867	1.11
6868	0.01
6869	0.84
6870	0.5
6871	0.62
6872	0.43
6873	0.44
6874	0.31
6875	0.3
6876	0.48
6877	0.69
6878	0.25
6879	0.62
6880	0.96
6881	0.66
6882	0.42
6883	0.42
6884	0.63
6885	0.38
6886	0.05
6887	0.43
6888	1.32
6889	0.55
6890	0.14
6891	0.19
6892	0.45
6893	0.09
6894	0.4
6895	0.61
6896	0.34
6897	0.95
6898	0.78
6899	0.46
6900	0.05
6901	0.62
6902	0.65
6903	0.24
6904	0.36
6905	0.28
6906	0.05
6907	0.76
6908	0.45
6909	0.32
6910	0.5
6911	0.26
6912	0.74
6913	0.53
6914	1.14
6915	0.45
6916	0.63
6917	0.32
6918	0.5
6919	0.42
6920	0.66
6921	0.45
6922	0.28
6923	0.59
6924	0.29
6925	0.4
6926	0.57
6927	0.81
6928	0.59
6929	0.72
6930	0.44
6931	0.51
6932	0.35
6933	0.9
6934	0.45
6935	0.44
6936	0.28
6937	0.95
6938	0.58
6939	0.51
6940	0.34
6941	0.76
6942	0.64
6943	0.61
6944	0.6
6945	1.06
6946	0.58
6947	0.48
6948	0.39
6949	0.45
6950	0.29
6951	0.28
6952	0.18
6953	0.01
6954	0.79
6955	0.03
6956	0.88
6957	0.34
6958	0.55
6959	0.03
6960	1.04
6961	0.2
6962	0.8
6963	0.86
6964	0.39
6965	0.62
6966	0.6
6967	0.69
6968	0.15
6969	0.61
6970	0.59
6971	0.47
6972	0.16
6973	0.64
6974	0.41
6975	0.61
6976	0.14
6977	0.37
6978	0.88
6979	0.83
6980	0.48
6981	0.59
6982	0.36
6983	1.18
6984	0.58
6985	0.48
6986	0.62
6987	0.57
6988	0.05
6989	0.51
6990	0.25
6991	0.82
6992	0.19
6993	0.73
6994	0.85
6995	1.06
6996	0.5
6997	0.35
6998	0.3
6999	0.06
7000	0.34
7001	0.41
7002	1.19
7003	0.01
7004	0.05
7005	0.59
7006	0.12
7007	0.56
7008	0.61
7009	0.38
7010	0.48
7011	0.62
7012	0.68
7013	0.53
7014	0.71
7015	0.21
7016	0.57
7017	0.67
7018	0.11
7019	0.28
7020	0.47
7021	0.41
7022	0.24
7023	0.87
7024	0.41
7025	0.26
7026	0.64
7027	0.09
7028	0.81
7029	0.36
7030	0.64
7031	0.06
7032	0.53
7033	0.41
7034	0.36
7035	0.64
7036	0.67
7037	0.46
7038	0.25
7039	0.49
7040	0.2
7041	0.57
7042	0.65
7043	0.48
7044	0.35
7045	0.22
7046	0.53
7047	0.34
7048	0.81
7049	0.35
7050	0.12
7051	0.7
7052	0.47
7053	0.48
7054	0.8
7055	0.42
7056	0.29
7057	0.84
7058	0.72
7059	0.44
7060	0.53
7061	0.31
7062	0.36
7063	0.97
7064	0.31
7065	0.24
7066	0.42
7067	0.47
7068	0.83
7069	0.06
7070	0.36
7071	0.49
7072	0.15
7073	0.43
7074	0.26
7075	0.91
7076	0.56
7077	0.69
7078	0.7
7079	0.39
7080	0.25
7081	0.35
7082	0.47
7083	0.55
7084	0.79
7085	0.18
7086	0.51
7087	0.92
7088	0.59
7089	0.61
7090	0.84
7091	0.64
7092	0.62
7093	0.24
7094	0.58
7095	0.4
7096	0.49
7097	0.59
7098	0.31
7099	0.08
7100	0.69
7101	0.23
7102	0.51
7103	0.51
7104	0.32
7105	0.58
7106	0.15
7107	0.66
7108	0.63
7109	0.46
7110	0.37
7111	0.46
7112	0.86
7113	0.07
7114	0.39
7115	0.31
7116	0.7
7117	0.66
7118	0.68
7119	0.47
7120	0.44
7121	0.43
7122	0.51
7123	0.61
7124	0.67
7125	0.12
7126	0.22
7127	0.4
7128	0.54
7129	0.35
7130	0.65
7131	0.61
7132	0.08
7133	0.69
7134	0.19
7135	0.09
7136	0.39
7137	0.5
7138	0.17
7139	0.15
7140	1.01
7141	0.41
7142	0.43
7143	0.28
7144	0.51
7145	0.45
7146	0.54
7147	0.39
7148	0.64
7149	0.05
7150	0.2
7151	0.2
7152	0.56
7153	0.54
7154	0.56
7155	0.53
7156	0.33
7157	0.51
7158	0.62
7159	0.75
7160	0.86
7161	0.13
7162	0.51
7163	0.82
7164	0.97
7165	0.55
7166	0.59
7167	0.43
7168	0.57
7169	0.23
7170	0.47
7171	0.3
7172	0.78
7173	0.33
7174	0.47
7175	0.73
7176	1.28
7177	0.45
7178	0.75
7179	0.56
7180	0.61
7181	0.46
7182	0.04
7183	0.39
7184	0.16
7185	0.53
7186	0.35
7187	0.18
7188	0.25
7189	0.68
7190	0.48
7191	0.79
7192	0.66
7193	1.0
7194	0.27
7195	0.49
7196	0.45
7197	0.55
7198	0.42
7199	0.38
7200	0.32
7201	0.25
7202	0.6
7203	0.35
7204	0.04
7205	0.6
7206	0.39
7207	0.29
7208	0.42
7209	0.43
7210	1.0
7211	0.58
7212	0.33
7213	0.96
7214	0.0
7215	0.67
7216	0.35
7217	0.71
7218	0.72
7219	0.94
7220	0.33
7221	0.27
7222	0.93
7223	0.82
7224	0.21
7225	0.65
7226	0.2
7227	0.99
7228	0.45
7229	0.2
7230	0.57
7231	0.63
7232	1.02
7233	0.58
7234	0.89
7235	0.54
7236	0.42
7237	0.3
7238	0.2
7239	0.48
7240	0.46
7241	0.51
7242	0.32
7243	0.49
7244	0.94
7245	0.43
7246	0.76
7247	0.4
7248	0.14
7249	0.9
7250	0.35
7251	0.4
7252	0.98
7253	0.68
7254	0.55
7255	0.15
7256	0.55
7257	0.73
7258	0.47
7259	0.87
7260	0.43
7261	0.46
7262	0.42
7263	0.4
7264	0.59
7265	0.5
7266	0.63
7267	0.03
7268	0.41
7269	0.37
7270	0.59
7271	0.17
7272	0.37
7273	0.41
7274	0.11
7275	0.43
7276	0.39
7277	0.59
7278	0.18
7279	0.65
7280	0.85
7281	0.78
7282	0.48
7283	0.44
7284	0.71
7285	0.52
7286	0.18
7287	0.48
7288	0.01
7289	0.34
7290	0.13
7291	0.29
7292	0.55
7293	0.58
7294	0.65
7295	1.08
7296	0.08
7297	0.41
7298	0.2
7299	0.98
7300	0.78
7301	0.03
7302	0.7
7303	1.03
7304	0.6
7305	0.3
7306	0.38
7307	0.87
7308	0.48
7309	0.39
7310	0.39
7311	0.56
7312	0.44
7313	0.58
7314	0.59
7315	0.6
7316	0.37
7317	0.22
7318	0.42
7319	0.47
7320	0.87
7321	0.36
7322	0.85
7323	0.32
7324	0.87
7325	0.24
7326	0.8
7327	1.09
7328	0.03
7329	0.65
7330	0.07
7331	0.5
7332	0.9
7333	0.38
7334	0.45
7335	0.56
7336	0.31
7337	0.67
7338	0.48
7339	0.17
7340	0.89
7341	0.27
7342	0.18
7343	0.39
7344	0.75
7345	0.31
7346	1.08
7347	0.94
7348	0.58
7349	0.63
7350	0.33
7351	0.43
7352	0.24
7353	0.92
7354	0.52
7355	0.57
7356	0.18
7357	0.91
7358	0.28
7359	0.66
7360	0.2
7361	0.57
7362	0.01
7363	0.74
7364	0.43
7365	0.48
7366	0.48
7367	0.29
7368	0.47
7369	0.35
7370	0.63
7371	0.21
7372	0.69
7373	0.8
7374	0.32
7375	0.25
7376	0.39
7377	0.28
7378	0.19
7379	0.3
7380	0.21
7381	0.65
7382	0.45
7383	0.72
7384	0.44
7385	0.27
7386	0.47
7387	0.7
7388	0.52
7389	0.34
7390	0.12
7391	0.36
7392	0.51
7393	0.46
7394	0.18
7395	0.91
7396	0.06
7397	0.26
7398	0.33
7399	0.53
7400	0.48
7401	0.05
7402	0.3
7403	0.75
7404	1.07
7405	0.87
7406	0.82
7407	0.39
7408	1.13
7409	0.94
7410	1.0
7411	0.37
7412	1.12
7413	0.58
7414	0.46
7415	0.81
7416	0.61
7417	0.64
7418	0.33
7419	0.46
7420	0.52
7421	0.61
7422	0.6
7423	0.77
7424	0.7
7425	0.46
7426	0.17
7427	0.55
7428	0.81
7429	0.34
7430	0.59
7431	0.39
7432	0.14
7433	1.03
7434	0.7
7435	0.27
7436	0.53
7437	0.44
7438	0.61
7439	0.67
7440	0.62
7441	0.14
7442	0.62
7443	0.3
7444	0.35
7445	0.76
7446	0.53
7447	0.45
7448	0.02
7449	0.8
7450	0.69
7451	0.63
7452	0.4
7453	0.58
7454	0.38
7455	0.47
7456	0.04
7457	0.37
7458	0.23
7459	0.52
7460	0.27
7461	0.98
7462	0.86
7463	0.34
7464	0.54
7465	0.57
7466	0.49
7467	0.25
7468	0.84
7469	0.72
7470	0.48
7471	0.13
7472	0.74
7473	1.03
7474	0.78
7475	0.2
7476	0.22
7477	0.53
7478	0.71
7479	0.48
7480	0.48
7481	0.59
7482	0.15
7483	0.33
7484	0.29
7485	0.5
7486	0.65
7487	0.6
7488	0.56
7489	0.72
7490	0.8
7491	0.39
7492	0.63
7493	0.58
7494	1.04
7495	0.79
7496	0.53
7497	0.54
7498	0.82
7499	0.4
7500	0.5
7501	0.58
7502	0.33
7503	0.46
7504	0.2
7505	0.5
7506	0.27
7507	0.34
7508	0.34
7509	0.14
7510	0.42
7511	0.18
7512	0.21
7513	0.47
7514	0.84
7515	0.68
7516	0.57
7517	0.6
7518	0.53
7519	0.68
7520	0.37
7521	0.65
7522	0.83
7523	0.43
7524	1.1
7525	0.32
7526	0.77
7527	0.11
7528	0.28
7529	0.64
7530	0.58
7531	0.49
7532	0.23
7533	0.79
7534	0.78
7535	0.76
7536	0.82
7537	0.4
7538	0.7
7539	0.96
7540	0.12
7541	0.22
7542	0.81
7543	0.75
7544	0.8
7545	0.54
7546	0.73
7547	1.1
7548	0.58
7549	0.46
7550	0.18
7551	0.55
7552	0.49
7553	0.68
7554	0.62
7555	0.58
7556	0.46
7557	0.1
7558	0.87
7559	0.69
7560	0.13
7561	0.52
7562	0.49
7563	1.07
7564	0.48
7565	0.47
7566	0.14
7567	0.21
7568	0.5
7569	0.68
7570	0.34
7571	0.47
7572	0.62
7573	0.27
7574	0.73
7575	0.5
7576	0.39
7577	0.72
7578	0.67
7579	0.11
7580	0.67
7581	0.07
7582	0.7
7583	0.23
7584	0.42
7585	0.3
7586	0.64
7587	0.25
7588	0.39
7589	0.17
7590	0.88
7591	0.25
7592	0.76
7593	0.76
7594	0.26
7595	0.37
7596	0.8
7597	0.58
7598	0.63
7599	0.32
7600	0.47
7601	0.13
7602	0.92
7603	0.37
7604	0.93
7605	0.14
7606	0.6
7607	0.46
7608	0.86
7609	0.28
7610	0.77
7611	0.32
7612	0.35
7613	0.55
7614	0.4
7615	0.14
7616	0.4
7617	0.17
7618	0.06
7619	0.53
7620	0.74
7621	0.36
7622	0.62
7623	0.22
7624	0.06
7625	0.5
7626	0.62
7627	1.02
7628	0.63
7629	0.84
7630	0.4
7631	0.24
7632	0.19
7633	0.17
7634	0.82
7635	0.41
7636	0.12
7637	0.35
7638	0.71
7639	0.31
7640	0.61
7641	0.35
7642	0.87
7643	0.58
7644	0.25
7645	0.1
7646	0.42
7647	0.64
7648	0.54
7649	0.67
7650	0.87
7651	0.2
7652	0.65
7653	0.77
7654	0.5
7655	0.67
7656	0.38
7657	0.59
7658	0.37
7659	0.33
7660	0.46
7661	0.82
7662	0.65
7663	0.23
7664	0.61
7665	0.13
7666	0.19
7667	0.58
7668	1.07
7669	0.23
7670	0.42
7671	0.73
7672	0.01
7673	0.48
7674	0.51
7675	0.57
7676	0.57
7677	0.32
7678	0.4
7679	0.24
7680	0.23
7681	0.29
7682	0.43
7683	0.62
7684	0.44
7685	0.62
7686	1.03
7687	0.78
7688	0.99
7689	0.16
7690	0.87
7691	0.73
7692	0.83
7693	0.34
7694	0.04
7695	0.85
7696	0.37
7697	0.51
7698	0.48
7699	0.11
7700	0.7
7701	0.81
7702	0.34
7703	0.61
7704	0.06
7705	0.43
7706	0.54
7707	0.36
7708	0.86
7709	1.05
7710	0.12
7711	0.22
7712	0.17
7713	0.24
7714	0.42
7715	0.55
7716	0.61
7717	0.34
7718	0.81
7719	0.21
7720	0.37
7721	0.56
7722	0.48
7723	0.38
7724	0.89
7725	0.75
7726	0.73
7727	0.2
7728	0.36
7729	0.35
7730	0.28
7731	0.5
7732	0.21
7733	0.34
7734	0.3
7735	0.32
7736	0.9
7737	0.71
7738	0.43
7739	0.44
7740	0.17
7741	0.13
7742	0.75
7743	0.67
7744	0.57
7745	0.67
7746	0.6
7747	0.06
7748	0.35
7749	0.79
7750	0.7
7751	0.12
7752	0.27
7753	0.53
7754	0.02
7755	0.31
7756	0.42
7757	0.75
7758	0.51
7759	0.54
7760	0.42
7761	0.15
7762	0.01
7763	0.29
7764	0.31
7765	0.68
7766	1.16
7767	0.84
7768	0.9
7769	0.45
7770	0.04
7771	0.39
7772	0.22
7773	0.66
7774	0.37
7775	0.39
7776	0.82
7777	0.77
7778	0.56
7779	0.22
7780	0.86
7781	0.0
7782	0.02
7783	0.13
7784	0.06
7785	0.31
7786	1.06
7787	0.85
7788	0.85
7789	0.75
7790	0.73
7791	0.68
7792	0.46
7793	0.8
7794	0.64
7795	0.01
7796	0.3
7797	0.17
7798	0.16
7799	0.98
7800	0.77
7801	0.84
7802	0.69
7803	0.45
7804	0.57
7805	0.2
7806	0.63
7807	0.41
7808	0.45
7809	0.52
7810	0.12
7811	0.26
7812	0.42
7813	0.5
7814	0.35
7815	0.55
7816	0.27
7817	0.34
7818	0.31
7819	0.28
7820	0.91
7821	0.57
7822	0.11
7823	0.65
7824	0.44
7825	0.54
7826	0.83
7827	0.68
7828	0.25
7829	0.82
7830	0.37
7831	0.03
7832	0.5
7833	0.53
7834	0.1
7835	0.23
7836	0.79
7837	0.22
7838	0.33
7839	0.81
7840	0.43
7841	0.57
7842	0.33
7843	0.23
7844	0.57
7845	0.31
7846	0.98
7847	0.14
7848	0.38
7849	0.58
7850	0.39
7851	0.53
7852	0.04
7853	0.63
7854	1.04
7855	0.48
7856	0.38
7857	0.65
7858	0.29
7859	0.48
7860	0.6
7861	0.2
7862	0.26
7863	0.47
7864	0.71
7865	0.73
7866	0.27
7867	0.58
7868	0.22
7869	0.87
7870	0.38
7871	0.16
7872	0.46
7873	0.11
7874	0.19
7875	0.48
7876	0.57
7877	0.45
7878	0.43
7879	0.62
7880	0.51
7881	0.22
7882	0.15
7883	0.54
7884	0.67
7885	0.71
7886	0.5
7887	0.69
7888	0.87
7889	0.68
7890	0.29
7891	0.29
7892	0.43
7893	0.5
7894	0.68
7895	0.57
7896	0.57
7897	0.66
7898	0.82
7899	1.19
7900	0.29
7901	0.48
7902	0.47
7903	0.37
7904	0.59
7905	0.49
7906	0.6
7907	0.64
7908	0.61
7909	0.56
7910	0.65
7911	0.23
7912	0.78
7913	0.37
7914	1.11
7915	0.79
7916	0.13
7917	0.31
7918	0.67
7919	0.31
7920	0.56
7921	0.21
7922	0.4
7923	0.42
7924	0.83
7925	0.6
7926	0.3
7927	0.58
7928	0.35
7929	0.25
7930	0.51
7931	0.75
7932	0.34
7933	0.51
7934	0.56
7935	0.41
7936	0.57
7937	0.61
7938	0.73
7939	0.43
7940	0.66
7941	0.28
7942	0.87
7943	0.75
7944	0.47
7945	0.23
7946	0.31
7947	0.23
7948	0.08
7949	0.25
7950	0.49
7951	0.28
7952	0.39
7953	0.26
7954	0.31
7955	0.94
7956	0.76
7957	0.55
7958	0.4
7959	0.13
7960	0.81
7961	0.57
7962	0.47
7963	0.51
7964	0.21
7965	0.86
7966	0.62
7967	0.76
7968	0.64
7969	0.39
7970	0.57
7971	0.73
7972	0.75
7973	1.24
7974	1.04
7975	0.62
7976	1.53
7977	0.67
7978	0.11
7979	0.77
7980	0.49
7981	0.33
7982	0.58
7983	0.51
7984	0.47
7985	0.83
7986	0.45
7987	0.59
7988	0.58
7989	0.4
7990	0.35
7991	0.48
7992	0.27
7993	0.31
7994	0.47
7995	0.74
7996	0.54
7997	0.23
7998	0.4
7999	0.53
8000	0.19
8001	0.84
8002	0.17
8003	0.56
8004	0.6
8005	0.07
8006	1.02
8007	0.27
8008	0.66
8009	0.68
8010	0.41
8011	0.6
8012	0.5
8013	0.44
8014	1.32
8015	0.66
8016	0.49
8017	0.17
8018	0.74
8019	0.56
8020	0.36
8021	0.43
8022	0.31
8023	0.53
8024	0.28
8025	0.76
8026	0.92
8027	0.5
8028	0.58
8029	0.47
8030	0.43
8031	0.48
8032	0.59
8033	0.6
8034	0.49
8035	1.07
8036	0.29
8037	0.42
8038	0.42
8039	0.85
8040	1.07
8041	0.59
8042	0.84
8043	1.22
8044	0.35
8045	0.1
8046	0.81
8047	0.57
8048	0.7
8049	0.31
8050	0.52
8051	0.64
8052	0.41
8053	0.83
8054	0.45
8055	0.74
8056	0.83
8057	0.97
8058	0.45
8059	0.79
8060	0.25
8061	0.54
8062	0.59
8063	0.94
8064	0.49
8065	0.45
8066	0.12
8067	0.5
8068	0.19
8069	0.76
8070	0.18
8071	0.31
8072	0.3
8073	0.88
8074	0.6
8075	0.11
8076	0.87
8077	0.45
8078	0.43
8079	0.37
8080	0.17
8081	0.73
8082	0.56
8083	0.83
8084	0.0
8085	0.41
8086	0.63
8087	0.68
8088	1.02
8089	0.74
8090	0.63
8091	0.9
8092	0.62
8093	0.55
8094	0.72
8095	0.75
8096	0.15
8097	0.25
8098	0.46
8099	0.79
8100	0.56
8101	0.38
8102	0.62
8103	0.25
8104	0.69
8105	0.22
8106	0.5
8107	0.24
8108	0.6
8109	0.57
8110	0.41
8111	0.78
8112	0.08
8113	0.81
8114	0.75
8115	0.78
8116	1.04
8117	0.56
8118	0.34
8119	0.89
8120	0.13
8121	0.55
8122	0.1
8123	0.49
8124	0.27
8125	0.9
8126	0.6
8127	0.54
8128	0.38
8129	1.09
8130	0.99
8131	0.75
8132	0.38
8133	0.45
8134	0.75
8135	0.58
8136	0.47
8137	0.7
8138	0.86
8139	0.32
8140	0.69
8141	0.02
8142	0.31
8143	0.47
8144	0.58
8145	0.68
8146	0.42
8147	0.5
8148	0.1
8149	0.31
8150	0.11
8151	0.32
8152	0.92
8153	0.47
8154	0.66
8155	0.34
8156	0.73
8157	0.79
8158	0.36
8159	0.83
8160	0.67
8161	0.85
8162	0.71
8163	0.61
8164	0.33
8165	0.6
8166	0.53
8167	0.43
8168	0.35
8169	0.29
8170	0.91
8171	0.42
8172	0.79
8173	0.51
8174	0.42
8175	0.01
8176	0.51
8177	0.71
8178	0.59
8179	0.39
8180	0.92
8181	0.16
8182	0.43
8183	0.28
8184	0.38
8185	0.43
8186	0.68
8187	0.62
8188	0.4
8189	0.35
8190	0.63
8191	0.67
8192	0.75
8193	0.26
8194	0.81
8195	0.41
8196	0.48
8197	0.08
8198	0.54
8199	0.24
8200	0.06
8201	0.26
8202	0.33
8203	0.6
8204	0.69
8205	0.67
8206	0.73
8207	0.71
8208	0.33
8209	0.24
8210	0.21
8211	0.84
8212	0.17
8213	0.92
8214	0.69
8215	0.46
8216	0.62
8217	0.49
8218	0.33
8219	0.44
8220	0.36
8221	0.86
8222	0.55
8223	0.45
8224	0.26
8225	0.4
8226	0.87
8227	0.59
8228	0.49
8229	0.52
8230	0.37
8231	0.36
8232	0.39
8233	0.74
8234	0.29
8235	0.01
8236	0.56
8237	0.5
8238	0.4
8239	0.41
8240	0.58
8241	0.35
8242	0.44
8243	0.57
8244	0.34
8245	0.57
8246	0.7
8247	0.44
8248	0.45
8249	0.91
8250	0.51
8251	0.4
8252	1.22
8253	0.7
8254	0.79
8255	0.01
8256	0.19
8257	0.66
8258	0.9
8259	0.63
8260	0.11
8261	0.39
8262	0.27
8263	0.43
8264	0.6
8265	0.45
8266	0.98
8267	0.78
8268	0.03
8269	0.52
8270	0.15
8271	0.33
8272	0.74
8273	0.26
8274	0.35
8275	0.01
8276	0.7
8277	0.56
8278	0.61
8279	0.37
8280	0.51
8281	0.91
8282	0.3
8283	0.9
8284	0.51
8285	1.06
8286	0.22
8287	0.45
8288	0.43
8289	0.15
8290	0.88
8291	0.21
8292	0.46
8293	0.51
8294	0.64
8295	0.77
8296	0.67
8297	0.08
